141.003636 77.293928
138.350864 76.694688
136.175308 75.865791
121.548492 68.371637
117.614190 67.059179
72.005275 77.185306
70.501441 77.534406
71.188920 71.587511
62.828743 71.743229
60.445469 72.720516
58.154968 73.396868
55.925935 74.033814
53.721455 74.648565
51.950694 74.813416
50.224842 74.134795
72.448620 79.249608
70.636028 79.093622
68.434640 80.341260
68.630216 78.668754
62.454439 73.039124
59.620917 73.877367
57.372505 74.605189
55.312651 75.244602
53.422588 75.942393
51.231601 75.667771
70.396873 80.735061
68.021848 81.701553
66.592448 82.664856
65.920179 81.237863
66.574750 79.550472
58.973044 75.305428
56.972349 76.121075
55.046826 76.834841
52.633234 77.295557
69.549992 83.017183
67.336847 84.376451
65.134980 84.049493
63.741961 83.143244
64.218953 81.128695
61.334079 74.341153
91.902731 77.254928
84.984653 78.732517
83.423545 80.307624
81.951591 80.894111
80.734667 81.533465
80.034164 80.360579
78.805664 80.113298
77.697653 79.579281
76.554700 79.091963
75.449757 78.574191
74.440675 77.797038
73.269406 77.254779
82.532550 82.787652
81.054594 83.997140
79.854644 82.847274
78.917458 81.660303
77.459175 81.057699
76.198920 80.397818
74.870013 79.937274
73.930074 78.967090
72.448620 79.249608
77.543322 82.711238
75.530337 81.808601
73.795349 80.997429
72.238968 81.513439
70.396873 80.735061
69.549992 83.017183
84.928807 77.201405
82.995562 78.626022
81.592244 79.332136
64.227343 71.222999
61.164504 71.664182
59.053097 72.238062
98.221219 58.381081
97.125815 58.617408
95.790084 58.999822
141.368716 75.362855
138.384002 74.124499
134.897945 73.241542
147.061719 79.413951
144.519517 78.884983
142.674562 78.016877
145.255099 77.775285
143.058021 76.732203
140.045052 76.233417
138.192571 75.512159
136.073160 74.527143
150.365802 81.729993
148.480926 80.781341
146.045005 80.433186
144.482017 80.019855
142.652546 79.128319
140.746158 78.387960
138.870482 77.671353
136.594331 76.974433
152.063586 83.257733
149.930092 83.016786
148.152980 82.121370
146.681206 81.538879
144.504796 81.119633
142.899889 80.181776
140.987230 79.442350
139.132198 78.674457
137.108049 78.053833
155.041304 85.456167
153.356670 84.689543
151.401400 84.532667
149.736408 84.167351
148.294762 83.268629
146.458299 82.679917
145.082355 82.055007
142.924638 81.269196
141.466937 80.462907
139.493329 79.707673
137.667875 79.284482
156.673436 87.035645
154.880182 87.002957
153.226299 86.286673
151.910018 85.800927
150.215139 85.299636
148.127330 84.405827
146.883291 83.731373
144.997824 83.177212
143.652986 82.346270
141.094226 81.667438
138.944680 80.633592
136.235721 78.980041
158.181479 88.748371
156.469498 88.778497
155.018957 88.475984
153.566511 87.644713
151.670970 87.101132
150.438373 86.449575
148.805961 85.405650
146.394860 85.035514
144.377084 84.092585
142.981861 83.157829
142.132466 82.156897
140.219560 80.977611
137.564832 80.336112
158.599557 90.603413
156.822181 90.338099
155.079937 89.946796
153.592762 89.140580
152.388937 88.164367
149.724558 87.355089
148.677122 86.359722
147.409898 85.450592
145.674228 84.251717
143.105100 84.296925
141.055473 83.097306
139.012896 82.029436
137.177669 81.699178
158.869900 92.298389
156.500743 91.800848
154.980159 91.372254
153.293187 90.316883
151.711335 89.098187
150.661993 88.109247
148.234672 87.372485
146.757622 86.521291
145.002527 85.542595
143.033217 85.616252
141.433498 84.500700
139.507951 83.358089
134.827222 86.189102
157.118330 93.143684
155.080597 93.448403
153.653622 91.795476
151.728475 90.360810
150.274559 89.582146
149.000269 88.724225
145.756316 87.322505
144.260621 86.739193
140.471811 89.292858
138.316898 88.154158
136.516536 87.363387
134.463480 87.957939
152.988597 93.336685
151.928823 91.807507
148.708383 90.228841
147.449474 88.264882
143.026197 91.608322
141.538705 91.119566
140.001285 90.916156
138.780378 89.682386
136.796193 89.136825
135.460061 88.887349
150.208362 91.491896
146.282670 89.099477
144.555609 93.307245
142.807009 93.432683
141.266171 92.908639
139.860450 92.161603
138.428883 91.080979
137.353410 90.331909
135.294939 90.034179
145.378858 95.851865
143.758150 95.251282
142.055813 94.836761
140.371415 94.017439
138.706763 92.940506
137.166390 91.919594
135.553134 91.244740
142.568533 96.924195
140.518519 95.945635
138.779681 94.816995
137.137046 93.697129
135.317082 92.740625
126.701797 58.440130
125.290409 60.291854
123.780633 62.827031
131.731840 60.113482
130.125646 59.450288
128.744694 58.590536
127.728803 59.827863
126.606902 61.194041
125.666337 62.538847
124.381315 64.611466
117.671671 65.024796
131.688729 66.389038
132.035881 63.988034
130.507265 64.783632
130.350325 63.095490
131.304031 61.819590
129.678121 61.275428
128.610838 62.579501
128.233582 61.169139
127.100765 62.810083
125.958942 64.161090
124.062027 65.842275
121.213192 66.664834
115.023949 64.137217
132.976145 73.129931
131.020521 71.621823
130.079568 69.816720
129.141511 68.532039
128.510114 67.514334
127.464265 67.069270
126.705961 68.297244
126.356337 66.932634
125.312905 67.872578
123.907921 67.906297
131.966632 70.567634
130.855816 68.530686
130.188527 66.980935
129.147542 66.174317
129.010064 64.934261
128.675807 63.764286
127.635838 65.784917
127.397113 64.402802
126.218951 65.520025
125.032796 66.634819
122.858986 66.949683
119.391326 66.956828
115.840633 66.220508
104.279538 52.014372
103.662696 50.295395
103.569252 48.690016
102.751288 47.294049
101.343708 47.087894
100.000044 46.620820
98.370098 46.557392
123.780633 62.827031
113.923335 61.936940
108.384024 60.519351
104.728282 57.025027
103.994161 54.874561
102.822383 53.873748
102.704471 52.386627
102.102720 50.925250
101.842443 49.224566
100.707525 50.251738
100.318164 48.532151
99.228566 50.080882
98.784522 48.750413
117.671671 65.024796
112.146353 62.267627
109.947090 61.513379
106.216051 59.901108
104.168101 58.360812
103.004839 56.400301
102.015363 55.323468
101.401109 53.871638
101.197904 52.302615
100.206696 53.544115
100.181808 51.711846
99.055824 53.197977
98.868665 51.438018
115.023949 64.137217
112.840396 63.705446
110.444607 62.911896
106.971088 61.495968
104.782967 59.838536
102.956082 58.554324
102.168384 57.455097
101.188627 56.748528
100.683102 55.493338
100.008873 56.692455
99.836435 54.798999
98.727312 55.334962
97.920767 54.259577
114.229266 66.628718
113.417191 64.955139
109.809485 64.456452
106.669894 63.576233
105.727660 62.647302
103.949050 61.463319
102.493821 60.747553
101.163485 59.935663
100.185452 59.514460
99.148549 59.273116
115.840633 66.220508
111.483311 64.119538
108.889595 63.351519
107.818928 62.606980
105.289768 61.456311
103.571445 60.173778
102.246382 59.462724
101.321029 58.531555
100.384823 58.051199
99.315444 58.037627
98.930431 56.701399
97.825638 56.894104
96.637000 57.405536
97.391198 48.163287
97.453598 50.526226
96.130999 49.728802
97.866369 52.337287
96.562313 52.801129
95.926021 54.577734
92.297239 56.283220
87.450286 56.145757
97.055492 55.721678
95.214141 56.532181
92.365554 57.806647
89.511346 57.025450
86.315160 57.321271
83.921787 56.979854
73.710420 55.899387
94.227877 59.498476
91.584734 59.302947
89.166089 58.950856
86.638018 58.968297
84.083229 59.094525
81.238375 59.250935
78.928662 60.112355
72.782794 57.284533
71.456159 54.915413
70.709992 51.889787
95.017234 57.983519
93.535091 58.413285
90.622630 58.187137
87.977738 58.035399
85.112790 58.178423
82.424055 58.220601
77.104986 59.364042
72.378388 53.566647
65.462843 54.196581
66.767214 57.631453
65.648632 56.736729
64.371402 55.506226
66.877920 61.563922
67.257593 59.721848
65.871083 59.576707
64.609051 58.265757
66.357232 64.426918
64.735970 65.143973
62.447117 65.651334
59.674643 65.917773
57.107490 66.088281
64.222785 66.733202
62.303919 67.107001
60.424101 67.116490
58.246565 67.222830
56.148505 67.431721
54.392790 66.960692
62.525389 68.291031
60.766316 68.261734
58.865301 68.301253
57.112291 68.504286
55.315562 68.629635
53.741010 68.480350
52.077326 68.045039
60.844794 69.367605
59.338784 69.351728
57.644664 69.559374
56.003152 69.711062
54.365347 69.826320
52.706519 69.671340
50.884095 69.464116
58.956511 70.579384
57.700948 70.772517
56.330724 70.843196
54.840765 70.986623
53.277906 70.915071
51.624783 70.830893
49.523623 70.684502
56.751686 73.005951
54.585465 73.545813
52.952979 73.488431
51.557317 73.357437
49.665039 73.130686
57.753276 71.912269
56.082654 72.065609
54.779452 72.308207
53.417836 72.179642
51.893995 72.076828
50.191478 71.960279
90.278733 59.987669
87.911291 59.747610
85.618680 59.893358
83.081814 59.986456
80.541998 60.427997
77.781533 61.307351
73.401087 58.903622
71.421402 56.674839
70.341438 53.543166
68.936761 51.109220
89.138736 60.660506
86.950331 60.669634
84.461557 60.662547
82.337081 60.943066
79.790441 61.690524
76.420307 61.211220
73.832154 60.294875
71.660023 58.576996
70.274795 55.882844
69.241206 54.324959
68.470313 52.849046
67.009369 51.857785
88.528236 61.618291
85.832616 61.530384
83.566643 62.004959
81.277940 61.932879
78.466356 62.453369
75.797123 62.255059
74.765099 61.101415
72.129575 60.008553
70.481056 58.072920
69.232083 56.613561
68.363526 55.219239
67.173740 53.848366
65.381078 52.452079
87.347400 61.996563
84.843618 62.095086
82.318341 62.563568
79.305112 63.326601
77.303766 63.129833
75.655817 63.308616
74.141861 62.258879
72.613276 61.251368
71.015592 60.382940
70.098974 59.464235
69.315650 57.944582
67.851609 56.564396
66.700158 55.428703
86.322272 63.122065
83.867724 63.351738
80.565914 63.158412
77.865712 64.348691
76.428755 64.242782
74.863246 64.026816
73.792444 63.329305
72.797293 62.446255
71.603730 62.197365
70.695773 61.580345
69.678978 60.737745
68.781719 59.412508
67.952065 58.265184
85.202587 64.259517
81.695217 64.034849
79.194832 64.528242
77.113291 65.446462
75.793496 65.400812
74.590890 65.077887
73.483793 64.497577
72.558823 63.786997
71.551422 63.504226
70.516836 63.155310
69.738618 62.380115
68.609122 62.142867
68.334219 60.859668
82.989880 64.829475
80.181356 65.502621
78.278537 66.428736
76.817613 67.025722
75.521468 66.688092
74.350726 66.103432
73.181633 65.603665
72.214684 65.097913
71.282825 64.675474
70.202519 64.412731
69.225420 63.967866
68.249282 63.545034
67.023273 63.160973
83.256696 73.141768
79.117725 72.662029
76.225444 70.472055
76.451050 68.505372
75.040978 67.938696
73.938664 67.038450
72.696422 66.606989
71.754979 66.170253
70.657010 65.718743
69.448461 65.488084
68.313548 65.100786
67.245011 65.625963
65.945887 66.253815
82.265078 74.365161
80.814118 73.410045
77.202446 72.117372
75.093291 71.966037
75.070958 69.379151
73.651075 68.080794
72.554125 67.778172
71.539955 67.548245
70.579164 66.799408
69.358360 66.658044
68.068440 66.617876
66.436860 67.325430
64.438524 67.937270
81.068872 75.112042
79.780588 74.634806
78.478832 73.937272
77.012386 73.541949
75.488454 73.086741
73.606652 69.169034
72.470476 69.310520
71.403619 69.001179
70.374030 67.996255
69.179026 67.888492
67.964371 67.773172
65.788639 68.536427
62.908423 69.409692
80.530253 76.382001
79.459500 76.172766
78.575621 75.514675
77.612014 74.993230
76.525001 75.178349
75.789774 74.236205
74.120793 70.254996
72.137886 70.551241
70.212379 69.277259
68.624231 69.212693
66.996813 68.541141
64.228268 69.106406
61.217732 70.356358
80.339753 79.053056
79.092674 78.757853
78.030121 78.246138
76.966566 77.839954
75.901966 77.358914
74.782365 76.560672
73.717208 75.658494
72.413502 75.158814
73.053062 72.734624
66.233076 70.930113
80.514570 77.750448
79.281352 77.476170
78.202407 76.911527
77.259267 76.571687
76.103867 76.175432
74.891257 75.134282
74.088566 73.793677
73.826312 71.361246
69.617051 70.499638
67.448278 69.973313
65.123717 69.922834
62.599520 70.388240
59.934253 70.979970
112.784994 65.962281
110.973053 65.393155
107.282301 64.498879
104.706648 63.500844
103.883393 62.617647
102.627125 61.892413
101.353404 61.056543
100.011218 60.735803
98.892349 60.413786
97.897939 59.814980
96.689501 59.895585
95.422478 60.299283
92.697958 59.976638
111.506170 66.347562
108.405325 64.959470
105.567195 64.431179
103.477153 63.954005
102.597712 63.194059
101.652091 62.678624
100.850320 61.982798
99.825550 61.852769
98.844803 61.692268
97.901678 61.249504
96.871395 61.022713
94.095090 60.860129
91.442119 60.908730
113.073171 67.201304
109.633348 65.881564
106.730139 65.821614
104.224940 65.099266
102.534529 64.825168
101.501602 63.976153
100.388142 63.063329
99.247102 63.132771
98.158891 62.728018
97.082944 62.510439
96.089460 61.821150
94.942882 61.556931
92.968563 61.225637
111.930113 68.147928
110.266251 67.535383
105.159347 66.311054
103.224881 66.215697
101.778948 66.362752
101.202243 65.161893
100.165808 64.104377
98.989221 64.686023
98.118569 63.937338
96.471011 63.628536
95.109173 62.901739
93.573390 62.778674
90.248916 61.719573
113.393411 69.158394
108.268602 66.845252
102.115849 67.968929
101.069744 69.506362
100.078960 68.018332
100.536487 66.735841
99.963159 65.349622
99.294545 66.770048
98.348844 65.999534
97.127563 64.779404
95.018049 64.390775
91.968608 62.248229
89.363241 63.067915
109.317117 74.918714
106.529501 74.100541
104.412555 72.915122
102.972045 72.062571
101.854969 71.060824
101.085243 72.406690
99.907208 71.941128
100.156776 70.810872
99.322128 69.853402
98.472746 68.423573
96.895763 66.323333
91.382574 63.552613
87.798371 63.865297
108.346574 75.995900
105.909101 75.394143
104.556925 74.411496
103.053822 73.928269
101.988228 73.324502
100.651730 73.781018
99.610554 73.126602
98.552907 71.877913
97.820071 70.673007
96.292124 71.389322
94.051090 72.473397
90.630881 72.865665
87.557936 72.866363
106.910040 76.392297
104.404555 75.846097
103.259315 75.358952
102.188156 75.308957
101.363996 74.669310
100.255539 75.200765
99.362225 74.253529
98.245396 73.168319
97.028138 72.777567
95.560278 72.914577
92.496947 73.185106
89.070055 73.795541
85.907852 73.591759
108.811791 77.125031
105.542897 76.736412
103.543410 76.787010
102.227359 76.712664
101.163723 76.199332
99.946473 76.259774
98.938729 75.467610
98.149748 74.604781
97.062220 74.130211
95.305317 74.133050
92.469642 74.629441
87.039112 74.997505
84.276581 74.377686
107.804880 78.096215
104.802873 77.727652
103.085071 77.973985
101.860367 78.081967
100.780711 77.430369
99.443252 77.328509
98.370838 76.628670
97.464960 75.852621
96.398468 75.086974
93.927848 74.511065
90.935379 74.645112
85.512885 75.288250
82.907847 75.613615
106.414235 78.314938
104.124186 78.938292
102.781545 79.606746
101.601962 79.685613
100.619020 78.753487
99.386593 78.513664
97.798412 77.689481
96.375844 76.559043
95.030175 75.376826
92.807737 75.886799
88.708044 75.076223
84.242679 75.901619
81.802758 76.325944
101.880007 83.987480
100.122720 83.467328
99.187075 81.968367
97.880148 80.774104
96.464904 79.289398
94.081320 77.740629
88.582903 76.958298
105.505546 79.810542
103.646494 80.868416
102.493982 82.053578
101.023786 81.679680
100.590300 80.448303
99.350289 80.010274
98.105026 79.022132
96.183127 77.810921
94.649742 76.503138
90.386590 76.119055
86.731227 76.612147
83.192110 77.136009
81.775741 77.729071
133.756091 74.747269
131.520907 73.222926
129.865632 71.921471
129.157411 70.700887
128.340140 69.701705
127.554678 68.906083
126.467826 69.749234
125.565822 69.043919
124.294938 69.131292
122.807165 68.741518
120.250060 68.562680
118.619651 68.465370
116.458358 68.183954
134.434406 75.918570
131.932197 74.706974
130.213385 73.444630
128.872012 72.525351
128.156647 71.428454
127.338905 70.584549
126.074013 70.774450
124.987602 70.292870
123.854342 70.305393
122.720558 70.006005
121.512452 70.009367
119.495351 69.688179
114.824022 67.763692
134.208273 77.183550
132.188310 75.920075
130.480115 74.806185
128.982929 73.824688
127.833226 73.090911
127.202184 72.033846
126.076739 71.774617
124.900552 71.572768
123.954665 71.890144
123.109747 71.466343
122.029481 71.316055
120.460301 70.454363
117.554982 68.902791
135.217820 77.795162
130.995480 76.362422
129.158372 75.037682
127.920152 74.523341
126.988558 74.355726
126.640622 73.191746
125.641302 72.639462
124.281960 72.956693
123.148720 73.491554
122.305943 72.796823
120.947333 72.027110
118.291505 70.573962
115.145761 69.174479
132.901265 76.792783
129.665581 76.239492
128.168910 75.949224
127.064708 76.205485
126.056966 75.919222
126.026664 74.578034
125.299231 73.594970
124.011007 74.282930
123.312360 75.337065
122.041370 74.851909
121.021858 73.724249
119.465985 71.950972
116.509293 70.278208
134.173682 78.905043
132.282783 78.165443
128.053426 77.606980
126.462119 77.703037
125.195558 77.224900
124.746915 75.875319
124.985936 74.858105
123.942036 78.348106
124.119747 76.936523
122.758974 76.588333
121.194767 76.716880
118.113763 77.678444
113.528708 76.815912
135.449117 80.269814
129.920015 77.814063
127.354149 79.615056
125.951173 79.298916
124.940992 78.774501
124.095753 79.876355
123.351704 80.819948
123.091411 79.266751
122.642477 77.993714
121.359741 78.409242
119.798679 77.906374
115.712202 77.453781
111.563210 76.716898
131.376570 84.538562
129.255370 82.888134
127.897244 81.718692
126.530492 81.191837
125.438904 80.666742
124.447105 81.158833
122.991311 81.981224
122.278386 81.002191
122.112930 79.786267
121.016920 79.883885
119.909710 79.323683
118.002413 79.269514
114.498759 78.561218
132.890795 86.027832
128.540984 84.256646
126.786468 82.886569
125.738322 82.503493
124.770081 82.443174
123.818934 82.643243
122.581951 82.993438
121.632120 82.164581
120.998382 81.253267
119.931905 80.913112
118.872303 80.189358
116.595942 78.939010
110.151655 77.303174
131.166991 86.082953
129.592642 85.068103
127.305903 83.878562
125.752626 84.094827
124.656651 83.922642
123.611298 84.129290
122.400276 84.076886
121.272778 83.532918
120.362829 82.570000
119.025832 81.787585
117.293807 80.540604
115.477496 79.817447
112.659077 78.186592
133.037659 87.424254
130.258115 86.907398
127.799741 85.507912
126.474717 85.171764
124.828963 85.361596
123.443494 85.543998
122.293963 85.253132
121.049266 85.210022
120.224387 84.230221
119.171273 83.200491
117.628681 81.944683
113.515356 80.125734
111.109503 79.085137
133.423143 90.877585
131.188262 89.290160
127.473959 87.401348
125.348445 87.881689
123.724197 88.535538
122.418375 89.426339
120.956782 89.760897
119.358123 90.241215
119.440615 88.130788
118.490658 86.492825
133.400829 89.192032
131.765982 87.829248
128.917380 86.699279
125.967117 86.417329
124.130986 86.674067
122.740182 87.288166
121.697897 86.550195
121.105207 87.888147
120.143498 86.282148
118.922355 84.875065
117.571262 83.639353
115.742986 81.576709
109.106110 79.331334
