143.131525 71.842424
140.912807 70.939476
138.667536 70.338755
114.942149 62.202036
113.108077 61.301258
62.739890 81.318813
61.831226 79.672338
60.172373 78.533382
57.759518 78.215849
54.880157 78.584037
53.275764 77.179356
52.195614 76.545021
51.529918 75.002679
50.557605 74.387128
49.861493 73.208648
64.852702 82.528544
61.939446 83.110019
60.715676 81.889419
59.881802 80.311197
57.893296 79.804584
51.320539 75.563259
65.455550 83.974479
63.913888 83.587211
53.306133 77.779938
68.078877 84.381854
59.951095 82.405939
87.197399 84.660696
85.866193 84.628660
79.092305 84.892524
72.182098 83.914160
69.847351 84.176419
65.254513 81.195484
84.962253 84.714098
83.017086 84.758720
81.063847 84.743286
72.936080 84.767089
67.555440 82.754727
64.852702 82.528544
74.303063 84.833272
65.455550 83.974479
68.078877 84.381854
86.869151 83.671780
84.274180 84.656216
82.452798 84.752286
57.107670 76.742793
55.125699 76.366320
54.122909 75.041464
88.715531 58.806476
87.387723 57.290392
145.635709 68.789542
143.271760 67.971275
140.947189 67.223944
150.483966 73.804659
147.824253 73.371791
145.584048 72.548754
149.072802 71.675102
146.819554 70.951493
144.480300 70.569072
142.428175 69.800594
140.257317 69.130240
151.563688 75.732877
148.633566 75.142291
145.962286 74.303288
143.614302 73.378473
140.999113 72.484933
138.674351 71.837691
136.302534 71.494834
154.615110 78.273153
152.036083 77.543861
149.281257 76.698886
146.281916 75.814705
143.589681 74.856774
141.194201 73.933090
138.654297 73.283948
136.226704 72.949537
133.705909 72.965880
155.612834 80.053151
152.017012 79.230029
149.221550 78.255694
146.703057 77.244749
143.879588 76.377738
141.262179 75.577107
138.986410 74.938651
136.798834 74.581317
134.623843 74.414834
132.181113 74.898572
155.531770 81.742649
152.656011 80.701728
149.471982 79.785629
146.786873 78.932803
144.380837 78.159477
142.130049 77.593069
140.074678 77.160082
138.110514 76.726491
136.050948 76.350073
133.756569 76.128757
158.824056 84.487771
155.728805 83.351152
152.554732 82.372074
149.978036 81.546247
147.558740 81.184925
145.535226 80.487532
143.605085 80.046364
141.718157 79.578634
139.789002 79.163622
137.788262 78.708760
135.686820 78.224245
133.576897 77.963476
131.597242 77.705567
155.921926 85.344123
153.295070 84.490742
151.033510 84.072967
149.086727 83.441184
147.147266 83.662828
145.338540 82.531744
143.324060 82.102832
141.291993 81.521585
139.193802 81.005301
137.128899 80.526790
135.205426 80.181721
133.400991 79.995553
131.624866 79.974525
155.230991 87.809055
153.034663 87.063255
150.885487 86.501329
148.689112 85.650696
145.102993 84.523124
142.792301 83.929554
140.671896 83.383267
138.735969 82.967753
136.894639 82.527382
135.121304 82.322253
133.363766 82.065844
131.357518 82.005850
150.968184 89.017708
148.495057 87.751008
146.420113 86.418134
144.194393 86.422285
142.278507 85.893738
140.430582 85.463376
138.570755 85.060684
136.671543 84.479141
134.543871 84.264848
132.452952 83.916294
129.928722 83.968685
148.051713 90.058662
145.952560 88.939895
143.957417 88.735857
142.073683 88.005460
139.979225 87.463521
137.842764 86.853767
135.680153 86.239256
133.360309 86.161857
130.995769 85.591246
146.051265 91.865830
143.493733 91.045657
141.225927 89.961437
139.051919 89.448031
136.840218 88.618125
134.592812 88.078373
131.454004 87.542875
128.953505 87.377523
140.722790 92.367340
137.386966 90.943193
134.974607 90.333200
132.751101 89.431394
130.539135 89.649755
128.656286 90.001818
136.719027 93.195536
134.291815 92.670015
132.468509 91.984342
130.864739 92.138129
129.627737 92.908854
122.952997 57.481476
121.541672 55.495403
119.207532 54.635120
128.573469 65.509863
125.243485 64.845761
123.088626 63.195722
122.552532 60.851676
121.416773 58.953394
120.015358 57.584324
117.725219 56.936540
139.840573 64.468252
137.477924 64.084618
134.901808 65.015330
132.036909 66.549956
129.084254 67.657590
123.526306 66.532699
121.405632 64.484383
120.677984 62.312924
119.912227 60.510434
118.364180 59.415217
115.901051 58.635340
137.908610 68.671191
135.403588 68.564390
132.244422 69.255356
128.666702 70.336069
122.710150 69.386723
119.415900 67.847954
117.604206 65.678215
116.409136 63.692615
138.705574 66.777739
136.563610 66.550370
133.964652 67.398866
130.613897 68.772589
127.233370 69.094659
121.424627 67.136003
119.544210 65.190628
118.702214 63.183416
117.724488 61.574545
115.961656 60.646009
113.209580 59.379007
109.333561 50.342726
106.564685 51.995588
104.209700 53.813894
102.098782 54.464598
100.719939 53.035972
98.655080 52.665983
96.409258 52.346252
119.207532 54.635120
116.169809 54.311181
113.812304 53.606724
111.754640 52.667075
109.750489 52.497287
107.745931 53.460875
105.454215 54.931877
102.476358 56.351699
97.716166 55.322585
95.437062 54.279693
94.344119 51.664901
117.725219 56.936540
115.239347 56.140469
113.018250 55.508362
110.937447 54.943827
108.814021 54.971544
106.446588 55.991084
103.686726 57.249225
100.561400 58.209376
96.006675 56.934183
93.969037 55.540501
93.249810 53.342959
115.901051 58.635340
113.781631 57.357320
111.636598 56.984319
109.431228 56.759715
107.072572 57.296636
104.464296 58.411628
101.750886 59.368307
96.588234 59.060701
93.857836 57.994667
92.169324 56.440234
91.602030 54.628122
110.628252 60.451196
108.598797 60.169100
106.341741 60.537700
104.113803 61.515805
113.209580 59.379007
111.187853 58.659719
109.175605 58.482095
106.817293 58.847974
104.265820 59.893226
101.982371 61.044939
94.664721 60.584741
92.100240 59.191786
90.421743 57.611407
89.521649 55.952991
93.715501 49.334650
92.142015 47.280662
90.059424 45.977115
92.327681 51.139956
91.297523 49.502101
89.627445 48.735072
87.635019 48.076966
84.869558 46.501080
91.063886 52.887519
89.982328 51.586552
88.381671 50.977339
86.581438 50.389356
84.691875 49.643749
82.465014 49.051074
79.111002 47.976500
86.448502 55.898667
85.149144 55.246746
83.855550 54.993072
82.906370 54.160058
81.782276 53.571075
80.402637 53.258865
78.769043 53.002181
77.128170 52.389595
75.288526 51.967279
73.786011 54.000603
89.154821 54.403653
87.988938 53.447130
86.506838 52.940151
85.024176 52.328888
83.474054 51.690777
81.613645 51.196983
79.371397 50.705810
76.953672 49.581757
62.944062 57.813074
61.859686 59.225801
60.176164 56.691008
60.768116 60.730797
59.603031 59.049232
57.923419 57.951182
56.239990 56.382922
59.479038 62.560221
58.459890 61.290913
56.983963 60.488921
55.111214 59.864326
52.914039 59.231058
57.532732 64.445082
56.509108 63.402774
55.317715 62.640758
53.928118 61.998057
52.271025 61.496888
50.287368 60.532859
54.946413 66.488788
53.260302 66.330424
53.809988 64.478729
52.262642 64.267616
51.137699 63.393537
49.619342 62.718933
47.682184 61.976519
52.859161 69.070309
51.087359 68.762801
51.435364 66.904422
50.015989 66.628724
49.784263 65.078656
48.257576 64.530759
46.370001 64.127374
52.312471 71.189371
50.435502 70.551527
49.105159 69.801243
48.798894 68.266261
48.106163 66.723639
46.245744 66.271732
52.952266 74.149304
51.440209 73.304300
48.392885 70.701428
53.552341 72.624950
50.451076 72.150326
49.075240 71.676772
47.686538 69.189120
47.152250 68.147365
82.816853 57.356132
81.259731 57.605067
81.176859 55.845386
79.632482 56.620943
79.083531 55.096948
77.572393 55.627642
76.268740 54.751308
74.790568 55.861045
73.451058 57.391459
71.499770 57.595108
81.619930 59.847180
80.025662 59.830286
78.499971 60.078189
78.426192 58.047534
76.791027 59.675542
76.450347 57.603277
75.040352 58.697961
73.678314 59.682909
72.301874 60.693065
70.555041 60.432230
68.033978 57.436258
81.651511 62.079571
79.601035 62.434324
77.981646 62.226456
76.754226 63.434440
75.728377 62.341097
74.737652 61.336567
73.569429 62.628027
71.978239 63.080872
67.772982 60.866520
65.704641 59.254664
79.887917 64.384996
72.526699 65.352765
70.571721 65.181501
67.999765 63.520044
65.879041 62.453558
64.377643 60.598427
80.479453 66.355441
78.369871 66.245325
76.505934 67.194552
68.000627 65.993501
65.608597 65.100108
64.054936 63.467464
62.970558 61.387961
81.826920 68.041543
79.646712 68.334705
77.838353 69.173533
75.799556 69.577104
65.801616 67.616499
63.552730 66.317058
62.292357 64.546544
61.673617 62.623054
81.958355 70.049197
80.195264 70.402996
78.366033 71.280986
76.314932 71.984398
61.852893 67.581816
60.379172 65.971582
59.927196 64.215204
80.834459 73.124424
79.384244 73.442874
77.845559 74.107719
60.429680 68.897230
58.610071 67.544381
57.482349 66.106446
76.724184 76.797509
70.583505 73.946578
67.725278 72.445601
64.474215 71.570031
59.345364 70.479795
57.219353 69.078084
55.480362 68.157387
71.902530 77.099264
69.283118 75.633565
66.740562 74.036307
63.368661 73.085589
60.934436 71.969060
57.030550 71.004231
54.549368 70.037553
70.280267 79.095819
68.238023 77.362735
66.363700 75.647395
63.239021 74.651272
59.973813 73.846486
58.103743 72.674989
55.228343 71.889108
74.397557 83.180137
66.282728 80.414890
64.147049 79.281477
62.884904 77.749599
60.737416 77.058084
67.089340 78.990336
65.412759 77.313433
63.483549 76.118843
59.887629 75.622512
57.371595 74.889717
55.835856 73.671622
106.727176 62.300143
88.053354 60.792029
85.874184 58.888697
84.122378 58.196916
85.837849 60.942826
83.496637 60.511439
105.769788 66.082586
103.897179 66.575246
102.157398 67.319882
100.349957 68.334730
94.572265 66.829500
91.882847 65.043192
89.073489 63.698235
86.723704 62.965861
84.324977 62.534108
106.153274 68.490183
104.433071 69.035078
102.626636 69.895252
100.545613 70.889234
94.615848 69.304830
92.527575 67.304582
89.790478 65.891071
86.684942 65.042272
84.179887 64.616653
82.119468 64.003190
106.698307 70.700205
104.689037 71.307601
102.532746 72.332486
100.222597 73.314114
93.760079 71.530453
92.259486 69.561378
90.558151 67.822683
88.000962 66.683322
85.192992 66.404782
82.538495 66.097870
105.329967 73.387517
103.322415 74.360486
94.502458 74.288421
91.881284 73.101022
90.611528 71.374285
89.673836 69.822252
88.262891 68.697717
86.235075 68.097528
83.902481 67.794953
88.836716 73.402201
87.696550 71.774706
86.794132 70.373973
85.181329 70.280110
83.682341 69.925859
86.190542 74.384887
84.872648 72.870392
83.227183 73.550592
82.235702 72.178431
102.982682 80.803287
101.591019 82.181004
95.238047 80.271112
92.140883 78.540590
89.272267 76.929774
103.907207 83.846026
102.566349 84.302626
95.823985 82.767520
92.915506 80.865720
89.664150 79.252230
86.976049 77.878123
84.842999 77.947934
82.812213 78.679765
105.605773 85.628477
102.912008 85.351152
98.239978 83.817341
95.280730 84.636376
93.780611 83.119655
90.892718 81.037858
87.756307 80.205435
85.600559 80.379979
84.083103 81.371716
82.379159 80.951983
80.862992 81.964875
101.374604 85.242474
99.345352 84.968723
90.511369 84.137979
88.735558 83.856369
104.977862 85.923556
101.573738 85.211710
98.511798 84.899958
96.856798 84.703489
91.996392 83.075493
89.225622 81.890933
87.037962 82.096931
85.253421 82.873882
83.563532 83.260483
81.592602 83.599187
136.201629 70.014224
133.389664 70.187696
130.014913 71.099107
126.861633 71.798156
116.108758 67.161873
114.627990 64.990307
112.911460 63.393668
111.040075 62.252856
108.846907 62.096517
133.875929 71.487062
131.127261 72.002421
128.168512 73.052310
112.429372 65.733182
110.452124 64.240928
108.166298 64.021460
131.229623 73.532498
110.128557 66.317408
107.854389 65.991064
119.469335 74.648354
117.432027 72.857604
115.538369 71.011749
113.584053 69.441307
111.674798 68.333753
109.640907 68.491719
107.863549 68.225051
128.070017 76.558890
125.840217 77.255524
118.745252 77.118603
116.795073 75.430702
115.164237 73.717418
113.503050 72.295720
111.858619 71.214089
110.184976 70.788138
108.492020 70.629258
129.747125 77.849324
127.755150 78.891721
125.489848 79.534181
117.857937 79.536547
115.636056 77.826321
114.067080 76.027850
112.621902 74.547771
111.078494 73.503367
109.329561 72.993117
107.401549 72.933917
129.751031 80.159485
127.528603 80.905750
124.973733 81.713742
111.187118 76.912555
109.340011 75.787981
107.371736 75.457165
128.998849 82.319168
126.514701 83.154578
117.142859 85.716795
114.876373 83.864831
112.719761 81.799331
110.546659 80.171440
108.419058 79.245731
106.359407 79.239610
104.542138 79.816511
125.277681 86.433194
123.319706 87.507553
121.448420 88.617150
117.403671 88.773522
115.238056 87.103935
113.420596 84.895378
111.190486 83.119996
108.980414 82.101456
106.852904 81.959337
105.016785 82.624065
126.827764 87.883550
124.915981 89.370272
123.277057 90.585798
121.754962 91.500718
119.014870 90.991650
115.029307 89.607294
113.726905 88.331300
112.449286 86.186893
110.605553 84.801568
108.488713 84.242737
106.576040 84.389905
128.170136 93.138903
126.569196 93.708775
121.155057 92.753792
118.091220 91.355598
116.112908 90.376319
126.960249 90.555094
125.528477 91.760653
124.144359 92.870749
123.323545 93.826998
122.136132 93.157253
117.322140 90.858434
111.574891 87.910538
109.731057 86.609169
