143.132654 71.841921
140.916197 70.938889
138.674833 70.336472
115.012055 62.122327
113.127200 61.243588
62.858330 80.819300
61.919586 79.371977
60.206286 78.355661
57.933813 77.939081
55.199582 77.825430
53.735399 76.807038
52.655289 75.477910
51.161942 74.766049
50.549283 74.372331
49.861493 73.208648
65.126161 82.238663
62.294754 81.996716
60.954781 81.055057
60.076630 79.815781
58.076945 79.183323
56.099679 79.075459
54.125883 78.682566
52.620859 77.311632
52.159395 76.485622
51.320539 75.563259
64.735966 83.793606
62.643147 83.312994
60.887860 82.715747
59.371454 81.404885
58.211438 80.412583
56.691469 80.874766
55.737596 80.166794
54.327476 79.130416
53.306133 77.779938
68.078877 84.381854
65.523801 84.075621
63.577128 83.638110
61.639665 83.119523
59.775072 82.471071
58.091969 81.599245
91.197576 84.701492
88.999646 84.744370
87.197359 84.662462
85.875365 84.632867
83.686388 84.686716
81.602764 84.685461
79.342181 85.018777
75.201392 84.964704
72.397078 84.109177
69.572745 83.394829
67.506489 82.444852
64.461123 80.855988
84.962253 84.714098
83.017086 84.758720
81.064357 84.743876
79.036584 85.006555
76.930597 84.877946
72.907930 84.935399
70.235176 84.640027
66.667156 83.540977
65.126161 82.238663
76.609582 85.002543
74.255156 84.821666
71.681527 84.852546
69.560959 84.692018
64.735966 83.793606
68.078877 84.381854
86.916023 83.688250
85.103499 84.079229
82.851200 84.348302
57.090664 76.758765
55.286957 76.254425
54.144159 75.109117
90.639720 59.879365
88.766211 58.513133
87.352587 57.199212
145.635712 68.789266
143.271974 67.971012
140.947803 67.223396
150.473825 73.760683
147.818642 73.362159
145.582842 72.546864
149.068562 71.667488
146.818230 70.950070
144.480225 70.568528
142.428945 69.799983
140.259560 69.129063
153.704240 76.547772
151.344975 75.711154
148.602077 75.124704
145.957014 74.299024
143.614187 73.377783
141.003161 72.484614
138.685716 71.835037
136.336294 71.484906
154.706192 78.475524
151.581370 77.669248
149.199580 76.700479
146.268694 75.807853
143.588211 74.855319
141.196658 73.932646
138.664760 73.281874
136.261523 72.940905
133.852327 72.883669
157.783559 81.744424
155.673848 80.174569
152.163210 79.198292
149.041749 78.276088
146.670556 77.231370
143.873782 76.374750
141.263521 75.575711
138.994437 74.935873
136.820496 74.571400
134.689780 74.388266
132.565801 74.509920
158.811466 83.275078
154.616009 81.751545
152.475354 80.700079
149.570076 79.754372
146.723648 78.905004
144.367576 78.152333
142.128640 77.590281
140.082815 77.160418
138.143147 76.731112
136.162702 76.364132
134.101377 76.150909
131.983565 76.234437
158.916187 85.149746
155.534253 83.302483
152.220188 82.403570
149.897616 81.554335
147.588769 80.943286
145.503020 80.484392
143.593198 80.031516
141.713884 79.572875
139.790813 79.161201
137.799099 78.710701
135.717954 78.234488
133.644771 77.994037
131.668962 78.084239
155.933184 85.309866
153.267570 84.510476
151.037533 84.146048
149.098891 83.522244
147.201953 83.032396
145.284903 82.532018
143.302320 82.075860
141.277007 81.508801
139.191876 80.997472
137.138519 80.520029
135.221432 80.156615
133.437126 80.006309
131.689581 80.047343
155.298290 87.756323
153.107560 87.009752
151.047843 86.593305
149.059643 85.785857
146.948780 85.122481
144.800402 84.429621
142.631751 83.882928
140.613806 83.362175
138.722944 82.955169
136.907450 82.517292
135.146878 82.229135
133.392576 82.049543
131.442509 81.973212
153.406643 89.923403
150.823465 88.988343
148.440010 87.753399
146.177891 86.975222
144.154585 86.396894
142.263432 85.900728
140.426667 85.448149
138.583664 85.045225
136.707786 84.474760
134.673773 84.097413
132.501025 83.819781
130.241784 83.748085
148.073594 90.072190
145.898606 89.238184
143.931548 88.730050
142.075180 88.005109
140.019114 87.412754
137.858708 86.799827
135.699209 86.212046
133.561608 85.763722
131.391789 85.560956
129.210839 85.661589
146.060912 91.936448
143.524588 91.042425
141.254105 89.959205
139.115245 89.301209
137.083685 88.619342
135.099010 88.204763
133.116659 87.716334
130.971323 87.533780
128.774963 87.735642
141.214528 92.513204
139.049103 91.773671
137.012814 90.802975
134.839635 90.339884
132.639932 89.838945
130.542654 89.676291
128.689628 90.074944
136.638568 93.248443
134.304733 92.664986
132.427937 92.376061
130.835190 92.048883
129.654132 92.905909
122.957191 57.475195
121.542099 55.493154
119.207908 54.633793
129.323243 65.674867
127.186744 64.616709
124.578515 64.508171
122.928319 62.947082
122.551167 60.753064
121.404584 58.921937
120.009444 57.573969
117.723814 56.933590
139.841851 64.468282
137.482263 64.082862
134.916907 65.005522
132.123962 66.514033
129.414370 67.734643
127.252676 67.335822
125.240541 66.668775
122.779677 65.921730
121.233992 64.207796
120.623902 62.191058
119.903967 60.460098
118.358281 59.401733
115.899065 58.627953
137.914911 68.667064
135.412076 68.562619
132.315006 69.240096
128.894645 70.344515
126.365525 70.508862
124.238058 70.052161
121.961522 69.102395
119.571085 67.559253
117.785343 65.538030
116.515956 63.606224
138.707115 66.776204
136.567754 66.548694
133.987772 67.397512
130.758432 68.783449
127.801689 69.218349
125.679535 68.804067
123.523621 68.048474
121.122444 66.874854
119.513480 65.038385
118.688578 63.099761
117.732150 61.526433
115.970273 60.616831
113.209675 59.361285
109.334542 50.342507
106.570538 51.989813
104.239673 53.788949
102.129232 54.370414
100.858961 52.772947
98.676362 52.630530
96.417897 52.298087
119.207908 54.633793
116.169923 54.310573
113.812446 53.606292
111.754648 52.666641
109.750873 52.496582
107.748287 53.457843
105.474379 54.917289
102.723194 56.221868
100.732559 56.313880
99.272428 55.265173
97.202964 55.069622
95.313585 54.145368
94.348291 51.636632
117.723814 56.933590
115.239483 56.138385
113.018336 55.506919
110.939556 54.942759
108.821590 54.966897
106.473977 55.970719
103.809899 57.200087
101.245514 58.050143
99.268891 57.846844
97.493444 57.220480
95.427301 56.663055
93.802466 55.312080
93.198389 53.249592
115.899065 58.627953
113.783282 57.350973
111.638072 56.981122
109.435670 56.755317
107.081250 57.281909
104.496166 58.369560
101.988850 59.288835
99.752238 59.611498
97.743305 59.273289
95.725188 58.705059
93.639544 57.785253
92.138128 56.350644
91.562658 54.587054
110.637211 60.436310
108.631280 60.145908
106.426735 60.455212
104.316845 61.271578
102.530422 62.125259
100.843116 62.701091
99.161498 62.931141
97.324670 62.699553
95.212940 62.084378
92.906325 61.129778
113.209675 59.361285
111.190700 58.653542
109.187243 58.472056
106.849369 58.813303
104.381117 59.780672
102.273859 60.658864
100.357296 61.111841
98.434116 61.090630
96.392650 60.669827
94.180070 59.922905
92.024744 58.816636
90.399346 57.419452
89.504651 55.884371
93.715265 49.326861
92.141711 47.278831
90.059203 45.976829
92.320275 51.116696
91.294234 49.494794
89.626005 48.733359
87.634755 48.076021
84.869540 46.500957
91.053383 52.868820
89.980383 51.577137
88.381729 50.971829
86.581340 50.385465
84.691727 49.642320
82.464873 49.050603
79.111020 47.976390
86.475063 55.826531
85.177590 55.170917
83.858967 54.985720
82.908848 54.151771
81.778661 53.579941
80.403881 53.255189
78.769559 52.999369
77.128203 52.388811
75.289478 51.966418
73.784718 53.996207
89.151883 54.371627
87.992262 53.428411
86.513622 52.920729
85.024991 52.321338
83.473467 51.688265
81.613469 51.196544
79.371327 50.705072
76.953703 49.581435
62.939555 57.808686
61.902123 59.274556
60.407882 56.924988
58.422453 55.410674
60.753222 60.724590
59.604032 59.067001
57.865110 58.124352
56.071333 56.525505
59.474088 62.554184
58.462541 61.289881
56.953921 60.560091
55.103252 59.871339
52.913012 59.228716
57.533471 64.414977
56.499308 63.402742
55.302723 62.659161
53.926068 61.996978
52.272871 61.492814
50.294002 60.523917
54.939011 66.407031
53.249218 66.329194
53.803658 64.473763
52.266173 64.261497
51.150171 63.381318
49.641062 62.692035
47.720746 61.889864
52.805768 68.967877
51.112463 68.682268
51.454363 66.867350
50.064894 66.575341
49.828581 65.061529
48.365539 64.430321
46.503330 63.845038
52.270858 70.946623
50.544680 70.440689
49.453256 69.498353
48.890376 68.176886
48.322503 66.901529
47.161063 66.155413
45.943308 65.858625
53.118266 73.953373
51.540455 73.277836
49.624728 72.773142
48.972616 71.966533
48.392885 70.701428
52.989820 72.445575
50.807453 71.972808
48.856016 71.354116
48.094386 69.979874
47.682768 69.182974
47.152250 68.147365
82.808698 57.382352
81.362325 57.455895
81.129199 55.844822
79.626187 56.590165
79.070175 55.084189
77.569232 55.622266
76.270974 54.748865
74.794281 55.844788
73.494594 57.390083
71.644057 57.422178
81.563406 59.836505
80.043979 59.424962
78.523518 60.052966
78.401868 58.006586
76.799246 59.644712
76.454016 57.591597
75.058841 58.675233
73.715389 59.639121
72.381162 60.615011
70.887026 60.032635
69.657403 58.586637
67.879756 57.397549
81.245088 62.014148
79.546785 62.088739
78.058840 62.149079
76.807063 62.485743
75.549977 62.547683
74.828994 61.210131
73.693943 62.367996
72.493168 62.942107
71.103394 62.620576
69.713683 62.188654
68.677686 61.027922
67.028939 60.516252
65.425798 59.030265
80.533868 64.199801
78.978704 64.439414
77.579478 64.728396
76.308288 65.066011
75.081141 65.200118
74.002108 64.623535
72.756837 64.980203
71.394011 64.791356
69.948170 64.518520
68.449335 64.090671
67.034873 63.349474
65.602843 62.291251
64.296539 60.546777
80.638701 66.376325
78.944045 66.709420
77.461825 67.166619
76.102037 67.651075
74.729551 67.765132
73.455030 67.259841
72.081031 66.909827
70.527036 66.656379
68.785887 66.352583
66.941285 65.892120
65.222643 64.993441
63.956873 63.415038
62.941051 61.396397
81.865219 68.087298
79.836164 68.528179
78.021955 69.242842
76.384944 69.936217
74.733255 70.161680
73.122677 69.676483
71.507857 69.018020
69.671485 68.528875
67.594042 68.077101
65.365418 67.395078
63.394257 66.212154
62.246958 64.501827
61.648978 62.607604
81.980110 70.064033
80.241071 70.495046
78.482463 71.297342
76.706963 72.078242
74.819969 72.311217
72.880432 71.866104
70.926640 71.043927
68.792032 70.291104
66.376028 69.598251
63.888913 68.629970
61.736630 67.387934
60.349227 65.888295
59.917708 64.187970
80.854188 73.137230
79.450223 73.392827
78.055843 73.968723
76.423303 74.287732
74.566135 74.318477
72.524179 73.816061
70.371573 72.792655
67.982370 71.783293
65.208456 70.913507
62.593536 69.795470
60.352364 68.581745
58.596926 67.393705
57.480816 66.042827
79.932889 76.523263
78.666179 76.155791
77.292043 76.303127
75.738366 76.325554
73.900751 76.244518
71.877125 75.633594
69.754245 74.347106
67.256629 73.087180
64.201399 72.137501
61.488484 71.056258
59.301557 69.873947
57.207952 68.804178
55.489312 68.010873
79.771532 78.956773
78.441075 78.525515
76.953820 78.348046
75.216795 78.292979
73.173139 78.097131
71.000528 77.363857
69.007400 75.839270
66.518295 74.305422
63.284464 73.336260
60.772924 72.620699
58.905517 71.431333
56.727185 70.468122
54.451019 69.702645
79.970853 81.358883
78.406082 80.937690
76.677966 80.504050
74.652854 80.237297
72.355182 79.824983
69.996662 78.964569
68.089691 77.405611
66.306523 75.801019
63.275015 74.776695
60.148007 74.165795
58.211235 73.325879
56.822916 72.162878
54.693107 71.401650
80.373313 84.445807
78.253604 84.387600
76.219396 83.728353
73.484536 83.245095
70.643953 82.662817
68.203067 81.486111
66.112372 80.371696
64.171844 79.053337
62.875516 77.687608
60.783014 77.035049
80.353979 83.087687
78.494472 82.938474
76.367200 82.426289
74.064285 82.007515
71.468853 81.390913
69.044505 80.349215
66.939759 78.920984
65.366560 77.320673
63.477041 76.157211
59.938531 75.737073
57.574400 75.153364
55.947956 74.282988
54.892791 73.050810
106.904517 62.106880
105.014053 62.705551
103.248923 63.526002
101.578513 64.297976
99.964130 64.878527
98.281675 65.022130
96.443960 64.499923
94.354824 63.694649
92.090203 62.607868
89.889678 61.325246
87.750488 59.976148
85.804497 58.771243
84.210372 57.906907
106.317563 64.134809
104.421533 64.820174
102.678690 65.743800
101.057648 66.623730
99.452935 67.245397
97.724726 67.188228
95.935568 66.421645
93.875194 65.381821
91.495370 64.154890
89.269061 62.936694
87.401045 61.736348
85.480557 60.769245
83.409583 60.102031
105.837429 66.322736
104.127030 67.078470
102.531728 68.034681
100.943376 68.947642
99.245552 69.510055
97.450389 69.362919
95.738484 68.472429
93.984006 67.204641
91.668281 65.805654
88.794155 64.565181
86.573568 63.501766
84.848872 62.697329
83.076660 62.217697
106.191717 68.520942
104.557892 69.158277
102.857940 70.110499
101.048486 71.064741
99.178894 71.590632
97.219145 71.449116
95.373992 70.611965
93.852707 69.188276
92.260901 67.518402
89.754705 66.164841
86.637571 65.323563
84.156314 64.710653
82.243619 64.300329
106.713602 70.661293
104.756753 71.272188
102.702980 72.270052
100.755073 73.169813
98.813101 73.518377
96.700927 73.294076
94.641046 72.509790
93.017890 71.139607
91.891801 69.482512
90.390112 67.934917
87.947557 66.798265
85.165477 66.453248
82.647166 66.287299
105.418218 73.158542
103.438584 73.991539
101.703869 74.846009
100.036663 75.370454
98.149972 75.328484
95.948174 74.984386
93.699848 74.127386
91.809585 72.804110
90.509295 71.273119
89.572581 69.817852
88.208337 68.724394
86.222589 68.122133
83.955596 67.857254
103.940184 75.962980
102.427749 76.737945
100.994300 77.463339
99.387696 77.552268
97.498741 77.262014
95.261367 76.764828
92.864356 75.700960
90.652090 74.276288
88.932046 72.886059
87.684178 71.628607
86.751493 70.351881
85.177449 70.285639
83.686997 69.910557
103.419324 78.669714
102.040672 79.555437
100.636967 80.241121
98.959981 79.865330
97.015819 79.421035
94.738910 78.685686
92.294765 77.409993
89.964364 75.938746
87.858859 74.655205
86.156850 73.671753
84.758480 72.969155
83.334055 72.988507
82.133612 72.232577
103.304082 81.488141
102.186321 82.430027
100.683078 82.545065
98.954192 82.077472
96.947534 81.574665
94.688366 80.624804
91.993159 79.123282
89.410154 77.681776
87.305766 76.605172
85.421931 75.970218
83.804524 75.761877
82.383419 75.768685
81.109697 76.040489
104.119751 83.764727
102.987601 84.272575
101.483547 83.957195
99.502206 83.588151
97.385590 83.183596
95.191800 82.423068
92.680493 80.816526
89.615352 79.450344
87.052113 78.640224
85.179594 78.386725
83.637887 78.461004
82.314935 78.801471
81.099327 79.311363
105.662861 85.130049
104.193643 85.711205
102.561461 85.365382
100.119851 85.027825
97.749761 84.809031
95.529725 83.761009
93.479654 82.425319
90.793151 80.962803
87.813791 80.415921
85.697622 80.580886
84.155266 81.005771
82.869624 81.560691
81.459195 81.741367
101.374604 85.242474
99.345352 84.968723
97.239473 84.892609
95.038491 84.746040
92.828133 84.660892
90.217416 83.242928
88.416243 83.278139
106.630913 86.456607
105.035715 85.926143
103.295592 85.620259
101.026110 85.227147
98.745778 84.829291
96.295665 84.773110
93.691351 84.122028
91.805327 82.698292
89.151547 81.697412
86.957524 82.065439
85.370752 82.629598
83.896817 83.051633
82.188178 83.206886
136.220828 70.004013
133.393102 70.195318
130.162379 71.006840
127.374548 71.735763
125.133813 71.824531
122.962022 71.258410
120.618285 70.135683
118.288535 68.489122
116.396614 66.458203
114.756623 64.521747
112.977520 63.141029
111.034217 62.219348
108.876484 62.064806
133.960351 71.432897
131.158178 71.905148
128.452233 72.690168
126.144010 73.229444
124.064850 73.243485
121.950319 72.653654
119.790616 71.575899
117.680985 70.016266
115.798479 68.075953
114.075921 66.304679
112.299196 65.001559
110.394182 64.172367
108.342111 63.983948
131.592376 73.207513
129.349370 73.757499
127.161168 74.443693
125.118214 74.893316
123.147440 74.877875
121.199023 74.300058
119.285596 73.236320
117.356110 71.710171
115.325516 69.824544
113.438124 68.124799
111.636905 66.901888
109.724050 66.172968
107.726126 66.007645
130.438467 74.909471
128.361908 75.549045
126.336654 76.242234
124.367627 76.684735
122.421383 76.679570
120.530091 76.094146
118.757053 75.026212
117.075882 73.547058
115.259856 71.806986
113.273325 70.212355
111.355455 69.067197
109.556768 68.405845
107.843776 68.241747
129.913200 76.658411
127.912069 77.322186
125.916302 78.034908
123.918858 78.522666
121.915852 78.553186
119.944166 78.015152
118.119377 76.966767
116.525910 75.513380
115.012387 73.896937
113.370123 72.486556
111.691398 71.493243
110.085274 70.844799
108.471207 70.556417
129.760778 78.487845
127.812029 79.099295
125.744752 79.815220
123.638164 80.323809
121.580570 80.428155
119.468488 79.983195
117.409891 78.964117
115.614404 77.470390
114.110175 75.848325
112.660321 74.478661
111.078957 73.489709
109.353784 72.893694
107.463453 72.766570
129.812672 80.352918
127.624005 80.906126
125.288126 81.597557
123.209724 82.122917
121.255154 82.345671
119.125456 82.017037
116.914449 81.079039
114.838685 79.525079
113.017404 77.770258
111.316100 76.306372
109.532726 75.346385
107.611622 75.016201
105.669351 75.292740
129.146438 82.200050
126.699517 82.761576
124.546083 83.510508
122.684238 84.146291
120.830333 84.505746
118.802580 84.250084
116.672501 83.411449
114.548710 81.856004
112.465452 80.010967
110.561277 78.477356
108.675068 77.555932
106.749880 77.384960
104.962346 77.856498
127.886095 84.113719
125.711881 84.876397
123.820453 85.771138
122.152637 86.548599
120.476030 87.024273
118.595957 86.690784
116.637561 85.944722
114.779314 84.368694
112.595394 82.430773
110.325643 80.802771
108.250393 79.917860
106.330322 79.858221
104.675489 80.529443
127.062613 86.222899
125.091669 87.204281
123.386094 88.289133
121.930242 89.198481
120.458328 89.535346
118.775376 88.974407
116.994790 88.379256
115.214097 87.034069
113.375015 85.004789
111.109649 83.269416
108.951032 82.335713
106.911334 82.162038
105.208389 82.789864
126.741301 88.463004
124.979016 89.589798
123.495007 90.735512
122.322211 91.512578
120.960645 91.402502
119.415821 90.734983
117.677401 90.144576
115.719051 89.081854
113.924931 87.633822
112.294713 86.033915
110.543535 84.818169
108.524776 84.259763
106.755644 84.320936
128.283923 93.274325
126.810736 93.496225
125.828627 94.841638
124.521002 94.505614
123.031298 93.765820
121.417459 92.854121
119.692797 92.044428
117.884971 91.323429
116.096773 90.372553
114.098486 89.463201
127.099666 90.800054
125.642872 91.688702
124.533114 92.608477
123.493077 93.275921
122.147016 93.212402
120.456947 92.452138
118.711680 91.683502
116.929844 90.901287
114.893797 89.888534
112.458339 88.627743
111.166319 87.659640
109.777053 86.570884
108.093649 86.589664
