146.080635 70.154483
144.644957 69.229506
143.307520 68.073044
121.872418 68.974970
117.456938 66.527334
69.862247 81.268422
69.104594 79.800089
65.960080 80.400128
58.387199 73.037363
56.691994 73.836076
55.445339 74.725671
54.201318 75.143325
51.810675 74.383728
50.668126 74.623125
50.202163 74.109220
68.025168 82.718072
68.540575 81.428746
67.434667 80.796343
64.093068 81.234751
62.084611 81.684016
54.592992 79.026647
54.403942 76.530830
53.072578 75.664492
51.604878 76.141428
51.094049 75.340898
66.598332 83.104902
65.994684 81.638806
65.111419 82.752085
64.009721 82.659575
62.397956 83.326892
57.212971 81.140923
53.694826 78.054097
52.823903 77.628756
52.155519 76.850006
67.981645 84.485215
66.159612 84.143104
65.012052 83.979361
63.293974 83.626957
61.034319 82.929054
59.785724 82.398885
91.229477 84.735374
87.250145 84.748833
85.646614 84.849347
82.748912 83.931653
81.567858 83.327440
78.897192 79.773253
78.499140 78.764455
77.696716 79.572879
76.816207 79.167036
76.054417 78.638625
75.028641 78.005774
74.687419 79.182256
84.249630 84.895455
81.991351 84.941349
80.628147 84.928150
80.628991 83.135114
78.545076 81.263195
77.262030 80.876739
75.718193 80.242482
69.622711 82.532960
68.025168 82.718072
79.184455 84.469791
79.463826 82.620649
70.578178 83.363485
69.730116 84.563504
66.598332 83.104902
67.981645 84.485215
84.198663 83.407088
81.821523 81.784341
79.549441 80.981917
61.929290 72.271350
59.914564 72.247884
56.521053 72.284286
98.464434 57.186216
97.501450 58.135763
96.125443 58.761460
145.946177 67.964271
144.356575 66.668996
142.662922 65.619740
150.888414 73.356724
149.893287 72.201386
148.413815 70.570508
149.028417 71.260546
147.794901 69.753757
146.675620 68.829533
145.210519 67.335699
143.412825 66.151475
153.727898 76.750001
152.611543 75.273030
151.715592 74.360196
149.487931 73.680231
148.212165 72.739367
146.962016 71.524631
140.397211 77.839974
137.862801 76.237713
155.464692 78.968883
154.530244 77.865253
152.648135 77.149790
151.459107 76.245406
150.297910 75.075342
144.046691 80.156248
142.186583 78.877384
138.757827 77.803631
137.052210 77.188053
158.258600 82.339314
157.108306 81.057438
156.359565 80.036942
155.049025 80.595231
153.590007 78.919833
147.266032 82.587748
145.550169 81.376175
142.817944 80.701602
141.451859 79.891509
139.891814 79.058651
137.211080 78.930032
162.256647 88.353870
161.418072 87.169457
160.550357 85.602661
157.061582 82.621609
151.292265 86.927345
149.138776 84.557024
147.761598 83.903361
145.749328 82.781331
144.122709 81.788696
141.356663 81.415702
139.402045 80.296825
138.375412 79.145414
160.419234 91.055244
162.224955 90.301354
160.914815 89.550807
155.143967 89.142447
153.451227 88.247273
152.582075 89.281926
150.115279 86.017884
146.578339 84.809576
144.915857 83.559266
143.446846 82.836327
142.372905 81.819460
140.483564 80.740639
138.059103 80.386249
159.636385 91.735774
158.341457 90.794680
157.238508 89.906465
155.803775 90.376306
154.887245 91.254543
153.449961 90.094601
148.830326 86.292489
147.581792 85.424833
145.866683 84.265578
143.696421 83.842695
141.808490 82.959074
139.659089 81.802956
138.229689 81.734147
159.011953 92.244758
157.991258 92.730582
157.004141 91.275509
155.832228 91.980924
154.671146 92.287888
154.181896 90.642712
151.493024 88.380518
148.188947 87.392488
145.353216 85.804392
143.983473 85.254222
142.250334 84.247810
140.353367 83.012481
135.153377 87.302308
157.179633 93.040469
156.407020 92.514821
155.906315 93.627938
153.249317 92.520212
152.542377 91.477704
151.382552 90.052032
149.836473 88.037470
146.646983 86.784474
141.173052 91.566797
139.164645 90.313706
137.448048 89.094380
136.355585 89.651269
155.107384 94.013105
154.214019 93.440044
152.285099 94.072509
147.093115 94.975014
144.907473 93.530853
142.997299 92.692624
142.083168 93.728584
141.134413 93.274957
140.053057 93.042383
138.082635 91.146594
153.364657 94.685908
147.627592 96.417997
146.106192 96.071371
145.263333 94.826176
143.708288 94.163911
143.215549 95.368496
142.460156 94.761512
140.612760 94.476390
139.524015 92.070084
145.532693 96.851790
144.352145 96.973247
144.457103 95.848478
143.438222 96.329412
141.198920 95.454151
139.491104 95.210935
138.150371 92.778308
142.840670 97.217664
141.727250 97.334917
141.764097 96.261863
140.402786 97.237861
139.041514 96.953923
122.341713 55.362018
120.507592 54.653572
118.672199 53.572184
131.072271 59.811581
129.760676 59.109989
128.645735 58.576011
127.315851 57.909902
124.996444 56.775864
123.423780 56.080964
121.312859 55.059886
118.558283 54.814453
140.573435 64.517730
138.619754 63.446031
136.708125 62.571660
134.120621 61.298841
132.072784 60.330308
130.378804 60.830916
129.299565 60.025427
127.768707 60.856960
127.844863 59.533380
126.687817 57.623093
125.659482 58.196088
122.491080 57.204089
120.744977 56.370562
140.233193 66.236782
139.107857 64.774825
133.139221 62.382641
130.064528 63.846303
128.542572 64.802884
128.408827 63.238755
126.869291 68.273803
127.357593 65.551054
127.155399 66.928084
125.642171 67.201474
141.356548 64.990580
137.740156 63.096121
135.171603 61.835720
131.938228 61.551319
130.808608 62.250707
129.542870 62.346731
129.089672 60.932382
128.370581 62.060282
127.037995 63.609928
126.641733 61.585355
126.365170 59.712601
124.081572 57.721307
118.741423 56.421352
109.354832 49.589738
107.165201 48.646952
104.543749 47.791092
102.690403 47.288275
101.396511 46.936588
100.122591 46.716274
98.291263 46.341789
118.672199 53.572184
116.696592 52.740432
114.985355 51.984704
113.176422 51.200237
111.379426 50.373357
108.461485 49.304145
105.424086 48.049573
103.184459 48.015183
101.963846 48.556902
100.838771 47.740590
99.535485 47.944682
99.314866 46.525241
96.671183 46.072703
118.558283 54.814453
117.054343 53.253214
114.746949 52.598803
112.168896 51.268205
110.356371 49.854823
107.437428 50.371488
103.341446 49.573051
102.312719 51.245409
101.899984 49.850855
100.685738 48.732979
99.380177 50.295959
99.146702 48.965549
98.097987 47.532318
120.744977 56.370562
116.401126 54.793468
114.782885 53.993988
112.874589 52.897881
110.240653 51.624862
105.048638 49.502618
100.303788 53.587175
100.267995 55.691096
100.471670 52.242066
100.619240 49.797718
100.676249 51.039847
98.970642 51.810926
97.931626 49.383566
115.337230 65.185994
112.124804 64.439978
109.294979 63.687552
106.261398 63.698284
105.724742 62.452191
103.681677 61.515656
102.413734 60.038998
101.592362 59.303741
100.298076 59.966291
98.735227 59.050732
118.741423 56.421352
113.469403 64.174201
110.737632 63.160777
107.815489 62.575779
104.912451 61.401545
103.635166 59.852309
102.139423 58.146969
101.441545 56.758373
100.614402 58.970588
99.534978 58.653723
100.144367 57.872992
99.902231 56.904926
99.123762 54.977333
93.916333 45.844043
91.671181 45.741530
89.422175 45.887749
95.752327 45.957752
90.842028 45.785473
88.427604 46.022603
86.945223 46.222607
84.910028 46.377400
93.675787 46.936524
91.873302 47.263181
88.390910 47.367148
86.040900 46.180150
83.851687 46.650136
82.431057 46.867964
80.539668 47.389201
93.744957 59.248752
91.315236 58.884436
88.912448 58.577041
84.411267 48.685654
82.123034 48.980657
80.515560 48.769089
77.904882 49.410755
76.546220 48.610407
75.175153 49.018583
73.239500 49.572877
96.712652 47.866542
90.036438 47.541249
87.087890 48.055369
85.574823 47.750000
83.268631 47.790316
81.451217 47.117050
79.199522 47.688874
77.901867 48.095222
62.815878 53.469049
61.975855 53.820620
59.357595 55.007783
57.578891 55.760097
60.716269 54.324425
58.535632 55.306020
56.365670 56.338551
54.945687 56.810432
60.316804 56.224822
58.143163 57.211693
55.745110 57.216116
53.634480 57.315312
52.353675 57.972983
63.108741 67.500905
56.396957 58.485952
54.228639 58.685349
51.468985 58.323889
50.520867 58.666614
49.425545 59.141058
60.575381 68.351397
58.323504 69.348704
52.548331 59.725142
49.433628 60.566125
47.440632 60.070169
46.450652 60.897722
45.370357 60.933256
59.688100 69.769725
56.917160 70.444702
55.045164 71.017700
46.964031 64.855984
46.947152 62.718822
45.353320 62.639154
44.408293 62.315019
57.711746 71.683242
55.516991 72.593431
53.761320 71.866006
49.818216 71.200036
46.577022 67.187981
45.861054 65.708858
45.159626 64.175928
53.096819 73.687548
52.585099 74.318114
51.678819 73.026331
49.875034 73.251869
49.199272 72.460132
54.719612 73.193039
53.918760 73.569065
52.522087 71.940180
51.120039 71.836348
48.339211 70.864694
47.147945 68.463122
90.010368 59.795145
88.136657 59.633692
85.977863 58.826331
83.537989 59.423557
79.399982 49.722433
76.202235 50.211149
74.072275 50.242846
71.747425 50.112383
70.574963 50.495826
69.452170 50.942574
88.903370 60.951548
86.718647 59.897728
85.007941 60.067630
82.114959 60.433270
80.282450 60.818760
74.721712 62.055996
71.702562 51.808874
70.281391 52.358684
70.444949 53.842551
69.020811 52.254124
68.097998 51.421447
67.107836 51.851069
87.868538 61.076370
85.866668 61.425087
83.719470 60.877277
81.434373 61.831782
79.114854 61.973439
77.031234 62.355932
71.959629 60.621391
70.077031 58.017080
70.180306 55.508925
69.115984 53.695719
67.851103 52.813513
66.482709 52.609082
65.364960 52.502651
87.092634 61.324718
85.122793 61.681723
83.604389 62.035249
80.912035 62.802391
78.134503 63.601767
75.748298 63.079198
73.291598 61.869315
70.598336 61.214703
70.165957 59.745797
68.324084 54.547676
67.593991 53.731423
66.710228 54.878124
64.621719 52.780036
86.455127 62.697063
84.336067 63.024323
82.621367 62.422600
77.076435 64.078788
75.351415 64.821130
74.621308 63.676990
73.650130 63.248763
72.160655 62.222502
71.226201 63.167440
70.818563 62.207252
68.606389 55.529274
67.152655 56.248042
65.870490 54.091349
85.495851 63.820465
81.978457 63.809874
79.285040 63.351209
76.133568 64.429117
74.726377 65.347788
73.858173 64.791372
73.043291 64.354475
72.539546 63.444699
71.535152 64.008541
69.926627 63.138824
69.192613 60.575178
68.985898 56.656793
64.383658 54.419956
83.408179 64.207475
80.371860 64.467461
78.385717 65.091277
76.795195 65.685509
75.250023 66.573306
74.102771 66.100099
73.106061 65.676776
72.132515 64.967906
71.025910 64.764406
69.978732 64.261555
68.535913 63.862112
68.982614 62.207086
68.447307 58.122429
83.874003 74.034039
81.001749 74.159465
76.409028 66.921493
75.683024 68.318284
74.587304 67.928966
73.885368 66.959664
72.538761 66.706548
72.219527 65.977647
70.896810 65.636525
69.415283 65.215154
68.301307 65.341773
67.424678 66.104084
65.834852 66.751282
82.264509 75.187093
80.639189 75.611352
77.970155 73.278368
75.196073 72.728984
75.146139 69.776416
73.208564 67.653243
72.281684 67.897114
71.427396 67.464435
71.263072 66.529789
70.006676 66.092616
69.138823 67.008725
67.311810 67.590616
64.702552 68.158279
79.961219 76.693191
79.540229 75.254601
79.196810 74.052071
76.578449 73.162017
75.816658 74.147462
73.544308 68.630103
72.547144 69.362455
71.409656 68.855073
70.412373 68.064551
70.034260 67.112004
68.431118 67.374161
64.015770 69.122928
62.074361 68.677727
79.956327 78.038359
79.052861 76.499002
78.316842 75.287049
77.442852 74.586928
76.677386 75.472781
75.680596 75.164852
73.722646 69.723414
71.849580 70.435348
70.134874 69.285058
67.657349 68.815160
66.144771 68.284494
62.115545 69.879137
60.573397 70.523156
80.594970 80.721578
77.795048 78.091472
77.560737 77.159435
76.749932 77.450097
75.882644 77.373861
74.246960 77.042443
73.145647 77.908071
73.336738 79.288994
70.984069 80.531078
64.670405 70.799959
79.843039 79.171144
78.906586 77.756704
78.225871 76.588711
77.124847 76.173028
75.514469 76.321536
74.185250 75.760867
74.241340 74.195453
74.253552 70.915899
68.904530 69.046695
66.061356 69.695583
63.333510 70.393199
61.589761 70.979085
59.037805 71.139196
113.846017 65.605975
110.909038 64.927645
108.549638 64.871921
103.884445 62.917227
102.553556 62.362354
102.513906 61.232487
101.379436 60.644380
100.030393 60.842084
99.169347 60.137673
97.960015 59.608013
96.996987 59.785430
95.176551 59.713164
92.187809 60.087916
112.513422 66.398986
110.029256 65.387631
104.903706 63.489609
102.960079 63.289661
101.591515 63.101083
101.542692 62.044834
100.806975 61.589607
99.764923 61.714571
98.893466 61.983429
98.701819 60.982924
97.860352 61.021507
96.339042 60.791881
93.097244 60.916610
113.610678 66.840903
111.558591 65.985604
107.236119 64.185505
104.410112 64.534644
102.363035 64.275307
101.340873 64.267821
100.246181 62.567403
99.333250 63.276908
98.434691 62.972019
97.651169 62.306787
97.033833 61.413206
95.350021 61.091252
90.989486 61.023716
112.245207 67.911615
109.543436 66.679331
107.989413 65.994132
103.342248 65.063219
102.174447 66.052625
101.133462 65.550798
100.508814 63.432813
98.791067 64.704046
97.962224 63.980122
96.920127 63.153880
95.800870 62.218270
94.273490 60.919810
90.000662 61.536891
113.451071 68.806993
110.767889 67.605616
106.011790 65.299321
100.094802 67.183724
100.133430 70.196083
99.947262 66.135938
100.011248 64.212572
99.844261 65.128978
98.441009 66.369841
97.245128 65.012362
94.043286 62.405949
92.124129 62.108269
88.648741 62.581001
108.983554 75.886355
106.609095 75.278958
104.681224 74.317368
103.229026 72.724153
101.807326 71.257723
101.079056 72.574907
99.883597 72.450302
100.291651 71.410175
98.795992 70.621691
99.873229 68.555738
95.715235 63.561899
90.486357 62.918107
87.607435 63.542597
107.295505 76.477918
104.381617 75.802731
103.196795 75.233196
103.117530 74.135955
102.022581 73.174879
100.622290 73.745046
99.469571 73.331296
98.633763 72.053164
97.310384 72.031980
95.822582 73.050531
93.725483 73.562179
90.908118 73.109589
87.357456 73.281422
105.388341 76.220042
103.407374 76.479877
102.285847 76.099887
101.881418 75.169269
101.629915 74.230843
100.331361 74.821888
99.431428 74.309801
98.344310 73.434534
97.277500 73.536502
95.818066 74.643563
92.463510 74.594698
88.943313 73.583462
85.934805 74.185646
109.002798 77.453985
104.584915 77.522902
102.475773 77.405144
101.410004 76.767714
100.950503 75.576457
99.857031 75.688930
98.897714 76.118325
98.793199 75.025456
97.946014 74.882730
96.913147 74.661246
90.930852 74.667501
87.301881 75.094373
83.569067 75.627869
106.626755 77.585482
103.281479 78.324706
102.137916 79.620779
101.502254 78.069248
100.294851 76.568065
99.439307 77.570245
98.522076 77.207648
97.643249 76.388096
96.745796 75.916781
94.721956 74.744722
89.442788 74.872207
84.859519 75.369193
81.433525 76.294939
104.350123 85.661421
102.474533 82.636178
100.751083 80.374631
100.837430 79.024899
100.431035 77.611619
99.834085 79.142883
98.685882 79.040299
97.328120 77.851526
95.377900 76.300855
93.259957 75.541180
88.344314 76.060651
83.036536 76.679725
80.923278 77.579935
101.310234 85.347016
100.084006 85.169161
99.362170 84.284228
97.802270 84.952566
96.525762 84.720068
92.527926 84.744492
89.283177 84.561414
105.718391 86.250334
103.567111 85.737013
102.564216 84.551264
101.034599 84.184206
100.881237 83.341164
100.952295 82.225745
99.700766 81.842250
98.486478 83.218009
94.830121 84.751761
90.694378 76.144961
86.126261 76.214270
82.170404 77.833045
81.204155 79.314485
141.826706 67.045077
136.981107 64.492973
129.643083 71.143667
128.642757 69.207536
128.299101 67.573606
127.031270 69.298024
126.128721 70.078627
125.749459 68.950397
124.702329 68.650021
123.406107 68.565500
120.049438 68.576238
118.435486 67.782340
115.829723 66.561079
134.719368 75.184490
131.754854 74.330048
130.322878 73.098783
129.010775 72.392809
128.392044 70.916552
127.512083 70.272478
126.255000 70.969202
125.106791 70.591555
124.395128 70.055828
123.341995 69.984236
122.163660 70.513929
117.351273 68.537572
114.588836 67.349183
135.562896 76.356524
133.206997 75.542029
129.526203 74.424980
128.689693 73.600700
127.829019 72.539109
127.405864 71.587980
126.187581 71.780114
125.083190 71.956235
124.319858 71.916654
123.725111 71.466119
122.848474 71.259163
120.625611 69.920592
116.026178 67.898376
135.459947 77.732930
130.396116 75.038008
128.300295 74.831724
127.579989 73.717244
126.613943 73.879475
126.741037 72.820797
125.823832 72.616962
124.284376 73.253911
123.354394 73.234371
122.546143 72.523127
120.963997 70.949235
118.801369 69.207533
114.988835 68.916533
136.420272 78.290389
132.176193 76.095366
128.912236 76.072649
127.297953 75.221747
126.105301 75.892495
126.128826 74.695592
125.403800 73.403575
123.710083 74.636545
123.157911 75.979911
122.357718 74.207844
121.266620 72.319622
118.926430 70.534175
116.536419 69.821315
135.387565 79.419670
133.990753 76.988050
130.926939 76.445776
127.080781 76.730880
125.139803 77.030193
124.916263 75.142273
125.008899 74.213100
123.926616 78.698161
124.617354 76.049347
123.627750 77.439414
119.540183 78.836080
115.903865 78.385142
112.950114 76.595649
136.520792 80.507878
133.798142 78.385817
126.617983 80.925286
125.702777 79.553806
125.058757 78.212521
124.181545 79.740602
123.489129 80.535899
122.960539 79.267750
122.205982 78.452622
121.023359 78.557118
118.567486 80.002744
114.020699 77.949756
110.896981 76.215031
132.033775 85.659230
129.622783 84.534116
127.692335 82.847413
126.233720 82.209405
125.192646 81.476528
124.742615 80.693149
123.250269 81.291572
122.373721 80.337037
121.751950 81.253143
121.421882 79.999044
120.574532 80.396419
117.421993 79.656306
112.018696 77.848036
132.667537 87.003700
128.073841 84.804765
126.002205 83.391923
125.036426 82.915893
124.325517 82.632775
123.685286 82.338926
122.911236 82.045413
121.682097 82.389047
120.842449 82.110224
119.976986 81.658275
119.565913 80.562492
113.826289 79.233432
110.564219 77.602910
133.688768 87.831292
130.399463 85.667230
126.129551 84.729877
124.872721 84.132726
124.100797 84.889923
123.634969 83.842960
122.516167 82.898213
121.225433 83.857443
120.275167 83.363002
119.090077 82.819164
118.092135 81.467322
115.678270 79.784397
111.709058 79.239284
135.156287 89.009760
131.241264 87.435418
127.143782 84.227944
125.386532 85.782627
123.830488 86.503247
123.085177 85.457190
122.566831 83.724023
122.173485 84.519052
120.567840 86.204447
120.117963 84.805175
115.906534 90.188469
110.353497 86.831641
107.364572 86.677339
136.548420 97.168173
129.904527 96.382282
123.627973 93.938800
122.279047 92.943011
121.075035 92.903923
121.710607 91.242132
120.416318 90.753285
119.569662 92.207563
118.589732 91.659881
117.372833 90.871908
136.206309 90.957649
133.406457 89.327531
129.081107 86.427739
122.328104 87.737106
121.124774 88.592998
121.925768 85.459335
120.800571 89.916404
121.742948 86.628863
119.737111 88.609689
118.815681 90.015285
112.868536 88.949888
110.831741 87.882606
108.719019 87.103242
