81.794062 126.799774
78.322752 129.584450
84.420549 121.749756
72.155233 126.709681
75.977229 125.744956
71.125510 123.832487
76.023004 130.591168
69.495026 125.866245
78.418665 122.454437
80.619377 125.457206
71.998750 129.396558
73.812465 127.663667
75.539087 123.108988
70.773628 126.616406
73.082774 124.029279
82.654729 128.336148
67.905717 128.794396
82.595797 125.494450
77.823825 125.081517
73.897009 125.959933
74.645658 130.333815
71.222304 121.947286
69.534763 124.183486
75.499436 121.615496
76.380650 129.619045
76.622599 124.224528
79.002294 125.183235
86.236982 122.455296
68.463724 124.612760
79.621750 129.429866
71.135734 130.079078
74.618109 128.921676
78.727168 127.584853
66.975001 129.597001
72.649248 122.571361
76.615623 121.714372
81.642787 123.911530
74.194617 122.006489
70.608172 128.321366
77.673379 123.594459
74.489732 125.075457
77.416857 128.806957
80.168119 123.527783
73.239320 130.247880
80.164941 127.093016
70.138074 122.901672
77.600887 126.498862
69.671006 129.843721
79.561034 122.450170
71.860012 125.291972
85.210723 123.696213
69.113212 127.829606
68.216215 126.280506
80.842715 128.617840
74.135358 123.525135
76.493580 127.509361
75.421874 127.454821
72.828309 128.601286
83.479776 124.081792
82.625983 122.709965
132.013738 120.643381
142.533554 119.435275
135.817056 122.608742
136.704527 115.152743
137.450355 120.853803
134.577075 115.497959
138.604566 119.922157
145.909053 122.082260
140.756629 115.718918
146.304315 114.889341
143.625031 118.674409
140.528219 117.535835
143.690301 117.049355
141.356175 122.114552
141.546001 118.177549
132.964279 115.575746
143.624874 114.738380
141.888514 116.612865
135.976959 114.257435
143.330436 121.498284
137.953822 115.373996
132.923656 117.709682
136.546877 119.253737
131.257052 118.522470
144.543837 121.728656
135.367586 120.188472
136.101746 121.459611
140.604212 122.740263
133.640319 119.421426
144.512009 119.985622
139.236904 118.106866
139.231882 116.379366
134.440229 114.144644
146.255230 117.086644
137.819299 116.998094
137.774658 122.549083
141.728734 120.709337
134.987136 118.406315
145.064914 115.991436
139.227525 123.089274
145.201245 118.139727
137.750179 118.534462
142.805114 115.652513
134.815550 116.984196
138.986020 121.628813
133.801162 121.153281
140.346987 121.040156
146.493136 118.784893
140.128094 119.425727
146.005071 120.574978
132.619026 122.347765
139.565397 114.904780
142.664594 122.131300
136.318236 117.163235
144.044952 126.590636
135.082191 130.469507
136.469653 127.105307
139.871266 132.104522
132.498033 132.068400
131.551650 126.155506
145.738176 126.538241
147.548596 132.645562
145.751566 132.806193
137.572932 128.430708
129.750030 125.935879
133.287540 126.854311
133.975447 128.852889
147.566574 130.802022
141.471109 129.546325
143.048135 131.884192
138.630036 133.068377
132.816297 129.986171
141.739053 132.985027
143.771529 128.457330
134.314102 124.927970
129.692297 130.627953
136.700068 125.046368
147.440740 129.172121
142.244702 125.664492
139.083967 124.858223
144.629604 131.865210
132.069543 128.109680
136.400901 131.384690
147.585469 125.795352
137.913416 126.206859
134.877102 126.830114
131.333597 130.540932
145.478044 129.368834
134.108784 131.587215
139.670888 126.218944
138.170289 130.658070
139.428410 129.064678
130.488903 128.478363
143.715074 130.155981
135.981606 132.836684
143.008105 124.492109
144.913757 124.602195
132.967105 124.852907
138.952910 127.535750
141.488353 131.319664
129.141641 127.505524
129.998100 124.289215
142.347033 127.797658
135.554341 124.697592
139.883498 130.481870
140.887751 127.689055
137.433197 132.592206
135.496903 128.570256
129.497317 132.223588
133.912901 133.059085
136.725833 129.725397
147.444817 127.543459
140.913308 125.550777
138.453198 138.274479
129.345998 133.734679
146.312755 141.708009
137.749754 134.455705
132.124755 139.484247
133.170179 135.880675
140.898863 136.382809
138.512648 140.296303
143.386052 135.565545
144.960053 138.224390
131.808249 134.019995
148.752873 139.028011
134.840289 141.791882
142.483817 137.385350
131.016184 135.698402
133.999270 140.693058
148.542155 142.585091
145.086966 140.097913
149.175254 140.278579
140.696281 142.697304
147.408256 136.508813
143.013059 141.357982
140.135880 140.772222
133.046448 137.758387
131.291072 137.571744
139.467577 136.680358
144.689785 141.938602
141.950349 135.434016
134.383108 138.873356
136.041391 142.365858
141.245046 138.423176
137.266946 137.510989
131.197613 141.301558
132.698049 141.399019
136.843963 140.352418
143.612356 138.532255
145.171220 135.194762
134.770633 136.069774
138.263053 135.933111
139.257026 142.668617
139.833593 138.908454
146.833204 139.614045
137.884259 142.072760
141.556030 140.480589
147.765594 141.136014
146.371651 137.583363
144.486800 136.606345
129.895428 138.171894
135.829607 137.024329
147.071859 135.140543
142.927594 139.807785
148.773527 136.342985
148.012552 137.959729
136.040620 138.983602
143.190613 142.852765
136.397885 135.043035
128.389832 118.706635
120.217988 118.595032
120.242482 111.625672
115.660555 114.926485
114.145194 115.781629
122.290689 112.517350
126.902893 113.756997
123.422274 113.029893
123.566393 111.589842
121.027070 116.759845
128.217090 114.066986
125.079280 115.137223
116.561921 110.211244
126.600868 115.581718
118.126046 113.854935
118.436599 110.399618
117.710610 116.884682
122.059880 117.703654
117.496689 115.271746
123.401875 119.419003
127.177490 119.085110
121.878891 115.518719
129.467222 120.986158
127.735936 120.842438
122.030996 111.261878
124.906571 120.981437
125.736987 116.968824
119.368782 116.896206
124.023178 115.349879
127.398140 117.142945
117.947934 118.778127
117.506008 112.522246
123.530346 117.279638
122.236910 119.856081
124.709231 112.869111
129.943570 116.655384
122.703450 116.462622
125.863091 113.525489
123.690333 120.485105
119.574705 113.748297
118.882149 118.377988
126.070617 119.979679
119.221236 115.544153
115.955742 113.375080
115.866734 116.480096
116.186357 111.558671
129.048517 117.551620
129.420395 114.233846
116.727904 118.167345
124.496542 118.495063
120.914754 113.007003
128.439380 115.769574
125.652657 118.746965
121.326751 119.059395
130.640794 115.410774
118.898371 111.661219
115.413710 117.930971
120.693546 114.677926
122.801601 114.168022
123.809814 122.335023
112.678614 121.764078
117.013644 119.724178
117.533472 126.240836
114.069711 121.340798
121.748657 121.607479
114.312315 127.844914
122.982441 128.791314
119.436974 123.374037
119.799648 126.656711
123.264659 124.711280
118.513611 127.500456
124.452671 123.832542
121.245291 127.350051
128.142235 124.274982
125.691076 130.132367
116.539721 123.486989
117.564579 124.713409
124.002707 130.258831
125.684518 127.746727
124.337953 126.159726
121.972334 129.715103
121.952058 125.737914
115.356090 120.431875
117.794913 129.282402
118.360801 121.106337
120.675709 128.535683
127.254172 129.640463
125.804024 131.637500
125.495473 123.148051
120.562005 125.037660
121.828296 124.334391
119.918651 121.769373
115.240080 122.724386
120.727651 130.107788
116.667291 121.348643
114.356239 118.802445
128.007187 125.981032
115.481583 124.936192
126.761975 124.091063
123.016879 127.102381
113.881528 123.768712
122.598980 122.828288
112.928956 127.717569
125.734054 125.303550
115.743822 126.609768
116.988691 128.120749
126.920427 126.971365
119.208818 128.786235
124.315510 128.239907
118.078678 122.712450
113.982182 125.955956
120.945804 122.874310
118.865197 125.059287
115.821759 128.329697
117.367957 132.124556
120.386623 138.568939
118.231192 135.091471
114.347911 135.938106
113.571973 130.460144
123.002091 139.556200
123.243445 137.616349
119.246934 132.770675
119.335985 139.357404
114.704589 131.716205
125.777111 138.471713
124.510165 138.813402
119.194361 131.199695
121.842030 138.133219
116.426835 130.923387
126.716206 142.084450
127.188170 138.113243
119.899587 133.885961
121.371154 139.922559
124.618996 140.476942
122.539758 140.871886
124.256462 135.703187
115.644912 132.611724
117.823987 138.659992
119.934872 140.448938
117.630077 133.691944
117.532355 136.639530
126.749980 133.761486
121.326044 134.601482
121.109034 132.665352
127.252604 135.159822
120.243483 136.953345
115.745880 136.814742
121.699649 136.240329
124.257693 133.949055
118.910982 137.297213
114.526638 134.062381
116.509732 135.565483
116.712950 137.952568
125.192991 136.886021
115.899447 134.200661
123.129810 132.648672
122.496002 133.954746
127.893142 139.227980
127.124087 136.660346
119.601671 135.474414
128.456177 142.203648
122.779978 135.828682
124.994606 141.776598
118.087735 130.716990
127.026904 140.529780
125.724077 134.980136
98.460698 104.117885
107.802818 110.821047
109.800924 107.900777
98.934579 106.951637
108.518094 113.640821
100.111280 109.236739
113.463348 112.293510
108.800348 105.989691
106.665563 106.368132
104.574784 106.094871
105.867807 111.314308
111.864244 109.117798
97.313264 109.654018
108.251390 107.814906
100.833052 106.637389
101.343658 108.035045
113.437458 108.642702
103.232893 105.489811
105.773908 105.064872
98.750013 110.909903
110.252496 111.467308
112.986657 115.249748
100.911214 103.796135
104.235219 111.394765
103.150872 107.295836
101.777543 104.987796
99.729462 105.268637
111.139777 106.469251
101.336177 110.801387
94.973293 104.515982
107.606286 105.148245
102.670271 111.197642
95.631171 106.382751
111.938473 107.600124
105.301500 109.783741
104.999166 107.798962
105.032940 112.935600
110.576646 109.753768
110.998300 114.297593
107.105382 113.632376
97.035731 103.194771
103.860042 109.196315
109.865732 112.919783
94.540310 109.674073
103.159380 112.706992
98.581748 108.580268
96.124685 110.970443
102.377121 109.232550
111.794870 112.536220
106.563721 107.956303
112.672292 110.577486
107.125071 109.426360
107.132649 112.271112
114.579383 109.862024
108.931083 110.002573
96.054397 108.200632
109.568818 115.328048
100.185421 111.605260
113.300132 113.814336
103.134925 103.389306
97.390297 105.918669
100.732066 114.215302
93.879046 118.610556
95.549355 117.008365
110.559981 119.092839
104.190418 117.854140
101.177612 120.248142
106.540632 117.763578
103.788796 122.628242
103.329496 114.255938
108.345381 117.052380
111.492207 125.170519
99.236260 114.100908
98.981067 121.243507
109.959551 117.111754
99.972496 119.605059
96.871004 120.751169
105.269396 121.226397
98.132259 119.699571
90.844181 119.859781
111.073766 121.253344
98.088994 118.043969
93.998811 116.301406
93.487776 113.997010
95.428503 115.332501
102.484424 119.855440
106.322466 115.291138
91.997334 115.105434
99.191744 115.677077
96.406785 117.954926
97.166880 114.981723
101.956149 114.907369
101.242467 117.736954
104.371349 115.273221
100.948522 121.783164
106.497845 119.683587
105.252720 116.602939
91.333583 117.754918
110.942419 123.338163
107.101566 125.147069
97.745422 116.370697
93.352320 112.072756
108.317337 118.946443
102.507962 122.670980
104.238389 123.982044
107.316903 122.209398
109.216453 122.224609
94.861849 119.941076
99.375592 118.298228
92.801460 117.209350
92.411659 119.736532
108.424303 120.607058
90.407187 116.336870
102.703957 118.121617
103.669784 120.688024
97.821835 113.408521
95.351476 112.309292
102.572242 116.357758
95.461054 113.806024
108.768873 124.258263
105.853285 122.885332
100.211807 116.707909
96.137096 119.556334
104.831711 119.329981
86.259188 127.627441
99.530444 130.491806
86.664873 125.128501
92.250591 126.267046
93.461461 128.334958
101.736075 127.277465
109.268234 134.898902
104.071252 126.910513
95.604386 124.116183
87.743426 123.935520
107.489763 133.324764
91.998479 129.344039
88.875777 130.520642
106.014151 132.618438
110.622877 131.429792
99.536926 125.672071
98.117980 131.303633
101.633844 130.479748
87.577830 128.025079
101.873912 131.861503
110.769136 134.263074
90.642261 129.987251
94.663864 123.010779
95.542700 129.424619
88.487620 126.456619
95.186853 131.064523
98.605121 129.033843
111.453049 136.893813
104.461122 133.623841
111.282565 129.357171
111.752582 133.060950
108.597914 127.181446
105.141379 131.057861
100.353740 129.009313
89.201725 122.701971
97.138375 124.375141
90.353573 126.646528
89.205292 124.429327
98.706022 124.050198
101.113090 124.286900
108.923475 129.942833
110.275654 127.958874
95.873805 126.032163
87.070066 130.069515
88.867292 128.979241
96.887166 129.134192
101.231840 125.751390
97.958930 127.489677
93.129810 123.744251
102.850673 125.643360
91.935053 124.417330
90.188955 128.205611
96.432051 127.119126
97.851292 125.854091
109.185165 132.393910
105.025062 129.096851
92.727967 122.021337
90.569242 125.031352
96.520701 122.772144
94.615883 128.501633
103.178731 132.305324
90.963715 122.643565
109.725574 137.002685
99.915933 127.361721
107.695067 135.145164
103.224389 128.135984
94.257250 125.310517
99.944632 131.990106
112.759803 137.808742
93.676053 126.464645
84.115161 130.168320
102.222705 129.212984
92.003495 127.922954
96.713266 131.433325
107.561342 131.065645
77.682633 105.930988
87.345832 110.488747
89.579083 103.987214
90.885002 105.891363
81.853919 110.564722
80.744967 105.895515
89.788165 108.749820
78.433948 110.528107
91.238225 104.596030
84.710408 109.614261
83.444644 108.790714
84.018996 102.388420
90.858398 108.980381
89.228848 106.181641
80.889518 107.413874
88.318457 105.117713
86.646224 106.217829
78.951059 109.047309
88.729045 102.452818
80.715144 101.783758
78.858043 105.483509
83.408385 110.500311
86.101760 110.243724
80.518053 109.260984
90.508121 107.452837
81.963265 109.180406
85.255609 106.905411
85.807413 105.646941
76.485378 110.166965
92.151807 108.681968
86.566758 108.485016
81.727679 104.296225
81.947182 102.066793
92.730680 104.124018
87.769397 103.636734
87.870937 109.495327
91.512851 102.489904
90.133370 102.783375
85.217330 102.516929
82.754759 103.350952
92.897645 102.701866
82.722445 105.647240
83.732776 106.630471
79.933870 102.858320
77.290157 108.848358
85.125105 104.199365
85.597836 108.125623
92.320522 107.295540
92.894588 106.106805
88.207613 106.734030
83.876809 104.521695
76.821906 106.973583
86.678029 103.934810
86.513039 102.621857
89.093058 109.864742
82.475635 107.416343
88.423813 107.961395
79.268629 107.357757
80.135391 104.235513
89.395768 115.817805
79.396147 112.806999
84.277496 115.578532
88.249594 111.710452
80.874462 112.570631
77.074031 115.413425
78.525260 118.617103
82.666357 115.686286
81.431977 116.589965
79.738823 120.227453
80.399690 114.849060
74.843619 118.076782
87.368817 114.027038
84.167929 119.340328
85.747463 119.372559
85.860119 115.349978
79.711050 118.788713
73.205501 119.140778
72.624258 114.676791
76.129789 115.765454
71.605747 117.360412
86.347560 112.105390
75.132720 116.590871
73.737282 115.612130
82.303890 112.819651
83.384122 117.265313
86.502689 117.488854
78.798581 113.796175
80.182711 117.322012
87.676121 116.023779
84.937393 117.475807
81.198617 118.606208
86.708152 120.231373
83.652576 113.965527
81.760480 114.275189
85.446768 113.407593
74.831628 114.623219
74.823285 119.567576
79.342112 111.667618
81.142036 120.340551
72.513208 116.462721
77.529133 112.029201
84.217145 112.267793
77.267692 119.302288
79.071687 116.102335
78.053639 120.402323
82.673159 120.197278
75.930931 113.708462
71.891927 119.562300
76.132476 119.249224
75.756612 112.517089
78.481828 114.951711
87.864664 118.232320
89.455914 113.745126
82.501014 118.547530
77.470602 117.269292
