[
145.6335075990869541,96.85786455209238,2.7741770533484145
144.7563545149372999,96.0858395261963238,2.5092521124717519
143.8675399562871178,95.3256808465055201,2.2489179946594451
142.9674470746175814,94.5772897748584711,1.9932804434002294
142.056427640597235,93.8405850306933047,1.7424467778274124
141.1348055999270628,93.1155026568333284,1.4965265341616882
140.2028796275147897,92.4019953841223582,1.2556318719315898
139.2609256845649952,91.7000322995632757,1.0198780288846865
138.3091992701072854,91.009598524410805,0.7893837317435697
137.3479374564143143,90.3306949474845595,0.5642715847837245
136.377361232900455,89.6633383479543227,0.3446685513511254
135.3976747659221473,89.0075595860126327,0.1307057722365688
134.4090717642446293,88.3634067597830608,-0.0774800140255176
133.4117321650838051,87.7309419206642218,-0.2797471843665869
132.4058258500872682,87.1102426726357635,-0.4759483630300538
131.3915134488538001,86.5014018960116573,-0.6659301848275976
130.368947552384185,85.9045278376690078,-0.8495329529583915
129.3382742237479306,85.3197444389171125,-1.0265902372085987
128.2996326907573348,84.7471907042489931,-1.1969287713697887
127.253158621107076,84.187022149996551,-1.360367731524873
126.198983935449661,83.6394103188625593,-1.5167186117278131
125.1372380697507083,83.1045431720077943,-1.6657848393673671
124.068049090961452,82.582625422966089,-1.807361417373033
122.9915448356771464,82.0738789015784107,-1.9412345669126696
121.9078532032143443,81.5785425490187492,-2.0671814713406822
120.8171072549435792,81.0968745821351717,-2.1849694874907257
119.7194411608589633,80.6291504609047678,-2.2943564390892681
118.6149928471422896,80.175664033501306,-2.3950900803165496
117.5039086427208872,79.7367293062012408,-2.48690749199424
116.3863415668896835,79.312679507985905,-2.5695351201604897
115.2624546226090985,78.9038681840999203,-2.6426883840279163
114.1324211404493951,78.5106690583865117,-2.7060715755097569
112.9964274769040884,78.1334767023993351,-2.7593776454629571
111.8546747392928324,77.772706716872591,-2.8022881422428849
110.7073808567088804,77.4287959096191969,-2.8344732165422641
109.5547813987257797,77.1022019801263667,-2.8555917452192543
108.3971378046273628,76.7934050827273182,-2.8652914670907572
107.2347293251656879,76.5029046591886015,-2.8632095048180028
106.0678652997254119,76.2312216650558838,-2.8489727563274263
104.8968834092767679,75.9788966338524148,-2.8221986821126377
103.7221527710373294,75.7464888077895324,-2.7824962167932648
102.5440784320294654,75.534575130432728,-2.7294670131713223
101.3631025882454821,75.3437481722994136,-2.6627068696505241
100.1797084688065524,75.1746141617810366,-2.5818075492117929
98.9944228442260368,75.0277902682643969,-2.4863588929675542
97.8078192111457838,74.903901461100304,-2.3759513562184194
96.6205200795369024,74.8035766771315735,-2.2501788929556632
95.4331992937612341,74.7274444080269689,-2.1086422732074324
94.2465838528319324,74.6761276177395956,-1.9509528118391983
93.0614544191039101,74.6502379817965789,-1.7767363897622708
91.8786487505149267,74.6503695269104526,-1.5856384052521493
90.6990568700635151,74.677091515402978,-1.3773279574137716
89.5236233298779922,74.7309409323456038,-1.1515035083455898
88.3533434216989093,74.8124144388771839,-0.9078979936751209
87.1892602659625879,74.921959991122506,-0.6462843693446837
86.0324574269542239,75.0599686424633319,-0.3664803808473599
84.8840559201966585,75.2267659022732147,-0.0683544042087101
83.7450967341578831,75.4226014546945294,0.2477918362932897
82.6154037259684912,75.6476518268216722,0.5774744451591706
81.4939181456572896,75.9021339835784232,0.9137200248069123
80.3794830149718678,76.1863497322297292,1.2495881178707846
79.2709692000782553,76.5006668489459685,1.5781362305188131
78.1673851629097243,76.8454817038123252,1.8923479110814891
77.0679891636110028,77.2211611626831171,2.1850760158196016
75.9724036709707491,77.627962583662935,2.4490180376446706
74.8807341105797093,78.0659300044707294,2.6767408763456406
73.7937050478311392,78.5347494188588371,2.8609873388468827
72.7131003385224517,79.0332670728607809,2.9994176914303385
71.6411433758434271,79.5598290688578373,3.0945792078826111
70.5797523553631123,80.1129100401553416,3.1492490585659247
69.5305612856278827,80.6911554427759654,3.1661698983711859
68.4949683210900702,81.2933933550220189,3.1480092345015169
67.4741892257683276,81.9186368376935832,3.0973339851504211
66.4693050087933273,82.5660842262753363,3.0165976502336176
65.4813071747891229,83.2351173588346285,2.9081371039633135
64.5111417139261789,83.925298566128248,2.7741770533484145
]

[
157.2940421213891113,93.0828592873364329,2.774177053348414
156.1074140509858239,92.0591001430186964,2.6381927346982543
154.907130720196875,91.051123613791404,2.5041762186228174
153.6935903725988339,90.0588627966113791,2.3722719027038561
152.4671969082166356,89.0822300126961863,2.2426224161171606
151.228355804158241,88.1211152131388644,2.1153680965017894
149.9774733444166372,87.1753872400695116,1.9906468611517922
148.7149553817188803,86.2448947080277719,1.8685940443071256
147.441207484066183,85.3294678787244436,1.7493423815796776
146.1566286377405106,84.4289159335042427,1.6330214154410887
144.8616180749619105,83.5430336314233983,1.5197581427845686
143.5565691490112101,82.6715986015363171,1.4096764616570998
142.2418698337628769,81.8143733822868882,1.3028972584748661
140.9179020108356326,80.9711065183913234,1.1995383924250609
139.5850408465017836,80.1415336540884766,1.0997146994311713
138.2436560704770727,79.3253797056459291,1.0035381411334927
136.8941054186589668,78.5223562093951699,0.9111174051606181
135.5367418926682603,77.7321670300020884,0.8225585120173547
134.1719092680421568,76.9545067801882254,0.7379645723516194
132.7999439268563719,76.1890629736581388,0.6574359936015268
131.4211716471930345,75.4355152285038599,0.5810703805979935
130.0359101018276817,74.693537625596818,0.5089627891358386
128.6444684687653819,73.9627993171426255,0.4412057954461031
127.2471454129993873,73.2429642558183076,0.3778895039808688
125.844233364471819,72.5336941228148788,0.3191018513746387
124.43601424111678,71.8346467410947866,0.2649285101701715
123.0227618548994855,71.1454778937308419,0.2154531051000711
121.6047416121874676,70.4658416714981826,0.1707573011593204
120.1822114751581552,69.7953913750954911,0.1309209331567685
118.755418374410624,69.1337782347171839,0.0960220138736749
117.324606063301573,68.4806554252785844,0.0661370398859372
115.8900077745973363,67.8356749279244156,0.0413408954632345
114.4518511854990095,67.1984900746400484,0.0217070630807123
113.0103541160213183,66.5687538448662934,0.0073076526093475
111.5657244888565884,65.9461362014731804,-0.0017892985379695
110.1174363041787245,65.3320291044461641,-0.00585478536732
108.6635909689509134,64.7311926325816671,-0.0057969850380628
107.2022247151839025,64.1489138625109661,-0.0025747816677285
105.7315028161290087,63.5907260767848257,0.0028616317349694
104.2497710932831865,63.0625033206562691,0.0095549817941599
102.7556229756317805,62.5705442394554154,0.0165264573760251
101.2479939772266277,62.1216410813036362,0.0227631654551596
99.7262859036697478,61.7231213622565917,0.0272086414067509
98.1905232506235279,61.3828447939177551,0.0287582318866693
96.641544512823927,61.1091325318402454,0.0262619449784274
95.0811981031729943,60.9105963577782461,0.0185380006077557
93.5125441425330308,60.7958455985095085,0.0044004026061216
91.9399808554230589,60.7720170066366734,-0.0170631151484174
90.3686328377693968,60.8367581813336287,-0.0447423247112545
88.8027754529928472,60.9826154230512287,-0.0765300473270709
87.2454873861715328,61.2017004118372085,-0.1103460741591324
85.6987669288673857,61.4860965013657434,-0.1441842523192288
84.1636960527739006,61.8281167213445642,-0.176129856686467
82.6406163595493837,62.2204563651653544,-0.204359533212951
81.1292921597547974,62.6562628758851048,-0.2271293299525161
79.6290515165886035,63.1291459218129489,-0.2427552660094003
78.1389008001759038,63.6331477340869611,-0.2495896696172051
76.6576151278390796,64.1626882959014608,-0.2459953057576466
75.1838041391215626,64.7124970457506805,-0.2303183830562375
73.7159724840999644,65.2775318216223042,-0.2008610741272795
72.2525533418342292,65.8528980314036119,-0.1558535364973429
70.7919477971670972,66.4337589201520444,-0.0934257098680624
69.332552401880946,67.0152455410572117,-0.0115787760631366
67.8733092552168245,67.5937688470482101,0.0912697714686258
66.4148860449475791,68.1702909164711457,0.2148997240359254
64.9582951777208564,68.7467802850914182,0.3586551231683973
63.504542305025133,69.3252642535945824,0.5218192091217749
62.054629429215197,69.9078155347762475,0.7036174500175965
60.6095590839259728,70.4965379172302846,0.9032202859542228
59.1703390061679713,71.0935510092457292,1.1197456120069427
57.737986515002568,71.700974197475702,1.3522611284704604
56.313532893723945,72.3209095182988335,1.5997865725903355
54.8980268960280995,72.955423649987523,1.8612960436340327
53.492537732156606,73.6065287582073751,2.1357204606717111
52.0981545049202524,74.2761635795455959,2.4219508664640017
50.7159891275022616,74.9661715183395643,2.718841302112776
]



