[
145.6335075990869541,96.85786455209238,2.7741770533484145
144.7563545149372999,96.0858395261963238,2.5092521124717519
143.8675399562871178,95.3256808465055201,2.2489179946594451
142.9674470746175814,94.5772897748584711,1.9932804434002294
142.056427640597235,93.8405850306933047,1.7424467778274124
141.1348055999270628,93.1155026568333284,1.4965265341616882
140.2028796275147897,92.4019953841223582,1.2556318719315898
139.2609256845649952,91.7000322995632757,1.0198780288846865
138.3091992701072854,91.009598524410805,0.7893837317435697
137.3479374564143143,90.3306949474845595,0.5642715847837245
136.377361232900455,89.6633383479543227,0.3446685513511254
135.3976747659221473,89.0075595860126327,0.1307057722365688
134.4090717642446293,88.3634067597830608,-0.0774800140255176
133.4117321650838051,87.7309419206642218,-0.2797471843665869
132.4058258500872682,87.1102426726357635,-0.4759483630300538
131.3915134488538001,86.5014018960116573,-0.6659301848275976
130.368947552384185,85.9045278376690078,-0.8495329529583915
129.3382742237479306,85.3197444389171125,-1.0265902372085987
128.2996326907573348,84.7471907042489931,-1.1969287713697887
127.253158621107076,84.187022149996551,-1.360367731524873
126.198983935449661,83.6394103188625593,-1.5167186117278131
125.1372380697507083,83.1045431720077943,-1.6657848393673671
124.068049090961452,82.582625422966089,-1.807361417373033
122.9915448356771464,82.0738789015784107,-1.9412345669126696
121.9078532032143443,81.5785425490187492,-2.0671814713406822
120.8171072549435792,81.0968745821351717,-2.1849694874907257
119.7194411608589633,80.6291504609047678,-2.2943564390892681
118.6149928471422896,80.175664033501306,-2.3950900803165496
117.5039086427208872,79.7367293062012408,-2.48690749199424
116.3863415668896835,79.312679507985905,-2.5695351201604897
115.2624546226090985,78.9038681840999203,-2.6426883840279163
114.1324211404493951,78.5106690583865117,-2.7060715755097569
112.9964274769040884,78.1334767023993351,-2.7593776454629571
111.8546747392928324,77.772706716872591,-2.8022881422428849
110.7073808567088804,77.4287959096191969,-2.8344732165422641
109.5547813987257797,77.1022019801263667,-2.8555917452192543
108.3971378046273628,76.7934050827273182,-2.8652914670907572
107.2347293251656879,76.5029046591886015,-2.8632095048180028
106.0678652997254119,76.2312216650558838,-2.8489727563274263
104.8968834092767679,75.9788966338524148,-2.8221986821126377
103.7221527710373294,75.7464888077895324,-2.7824962167932648
102.5440784320294654,75.534575130432728,-2.7294670131713223
101.3631025882454821,75.3437481722994136,-2.6627068696505241
100.1797084688065524,75.1746141617810366,-2.5818075492117929
98.9944228442260368,75.0277902682643969,-2.4863588929675542
97.8078192111457838,74.903901461100304,-2.3759513562184194
96.6205200795369024,74.8035766771315735,-2.2501788929556632
95.4331992937612341,74.7274444080269689,-2.1086422732074324
94.2465838528319324,74.6761276177395956,-1.9509528118391983
93.0614544191039101,74.6502379817965789,-1.7767363897622708
91.8786487505149267,74.6503695269104526,-1.5856384052521493
90.6990568700635151,74.677091515402978,-1.3773279574137716
89.5236233298779922,74.7309409323456038,-1.1515035083455898
88.3533434216989093,74.8124144388771839,-0.9078979936751209
87.1892602659625879,74.921959991122506,-0.6462843693446837
86.0324574269542239,75.0599686424633319,-0.3664803808473599
84.8840559201966585,75.2267659022732147,-0.0683544042087101
83.7450967341578831,75.4226014546945294,0.2477918362932897
82.6154037259684912,75.6476518268216722,0.5774744451591706
81.4939181456572896,75.9021339835784232,0.9137200248069123
80.3794830149718678,76.1863497322297292,1.2495881178707846
79.2709692000782553,76.5006668489459685,1.5781362305188131
78.1673851629097243,76.8454817038123252,1.8923479110814891
77.0679891636110028,77.2211611626831171,2.1850760158196016
75.9724036709707491,77.627962583662935,2.4490180376446706
74.8807341105797093,78.0659300044707294,2.6767408763456406
73.7937050478311392,78.5347494188588371,2.8609873388468827
72.7131003385224517,79.0332670728607809,2.9994176914303385
71.6411433758434271,79.5598290688578373,3.0945792078826111
70.5797523553631123,80.1129100401553416,3.1492490585659247
69.5305612856278827,80.6911554427759654,3.1661698983711859
68.4949683210900702,81.2933933550220189,3.1480092345015169
67.4741892257683276,81.9186368376935832,3.0973339851504211
66.4693050087933273,82.5660842262753363,3.0165976502336176
65.4813071747891229,83.2351173588346285,2.9081371039633135
64.5111417139261789,83.925298566128248,2.7741770533484145
]

[
157.2940421213891113,93.0828592873364329,2.774177053348414
156.1074140509858239,92.0591001430186964,2.6381927346982543
154.907130720196875,91.051123613791404,2.5041762186228174
153.6935903725988339,90.0588627966113791,2.3722719027038561
152.4671969082166356,89.0822300126961863,2.2426224161171606
151.228355804158241,88.1211152131388644,2.1153680965017894
149.9774733444166372,87.1753872400695116,1.9906468611517922
148.7149553817188803,86.2448947080277719,1.8685940443071256
147.441207484066183,85.3294678787244436,1.7493423815796776
146.1566286377405106,84.4289159335042427,1.6330214154410887
144.8616180749619105,83.5430336314233983,1.5197581427845686
143.5565691490112101,82.6715986015363171,1.4096764616570998
142.2418698337628769,81.8143733822868882,1.3028972584748661
140.9179020108356326,80.9711065183913234,1.1995383924250609
139.5850408465017836,80.1415336540884766,1.0997146994311713
138.2436560704770727,79.3253797056459291,1.0035381411334927
136.8941054186589668,78.5223562093951699,0.9111174051606181
135.5367418926682603,77.7321670300020884,0.8225585120173547
134.1719092680421568,76.9545067801882254,0.7379645723516194
132.7999439268563719,76.1890629736581388,0.6574359936015268
131.4211716471930345,75.4355152285038599,0.5810703805979935
130.0359101018276817,74.693537625596818,0.5089627891358386
128.6444684687653819,73.9627993171426255,0.4412057954461031
127.2471454129993873,73.2429642558183076,0.3778895039808688
125.844233364471819,72.5336941228148788,0.3191018513746387
124.43601424111678,71.8346467410947866,0.2649285101701715
123.0227618548994855,71.1454778937308419,0.2154531051000711
121.6047416121874676,70.4658416714981826,0.1707573011593204
120.1822114751581552,69.7953913750954911,0.1309209331567685
118.755418374410624,69.1337782347171839,0.0960220138736749
117.324606063301573,68.4806554252785844,0.0661370398859372
115.8900077745973363,67.8356749279244156,0.0413408954632345
114.4518511854990095,67.1984900746400484,0.0217070630807123
113.0103541160213183,66.5687538448662934,0.0073076526093475
111.5657244888565884,65.9461362014731804,-0.0017892985379695
110.1174363041787245,65.3320291044461641,-0.00585478536732
108.6635909689509134,64.7311926325816671,-0.0057969850380628
107.2022247151839025,64.1489138625109661,-0.0025747816677285
105.7315028161290087,63.5907260767848257,0.0028616317349694
104.2497710932831865,63.0625033206562691,0.0095549817941599
102.7556229756317805,62.5705442394554154,0.0165264573760251
101.2479939772266277,62.1216410813036362,0.0227631654551596
99.7262859036697478,61.7231213622565917,0.0272086414067509
98.1905232506235279,61.3828447939177551,0.0287582318866693
96.641544512823927,61.1091325318402454,0.0262619449784274
95.0811981031729943,60.9105963577782461,0.0185380006077557
93.5125441425330308,60.7958455985095085,0.0044004026061216
91.9399808554230589,60.7720170066366734,-0.0170631151484174
90.3686328377693968,60.8367581813336287,-0.0447423247112545
88.8027754529928472,60.9826154230512287,-0.0765300473270709
87.2454873861715328,61.2017004118372085,-0.1103460741591324
85.6987669288673857,61.4860965013657434,-0.1441842523192288
84.1636960527739006,61.8281167213445642,-0.176129856686467
82.6406163595493837,62.2204563651653544,-0.204359533212951
81.1292921597547974,62.6562628758851048,-0.2271293299525161
79.6290515165886035,63.1291459218129489,-0.2427552660094003
78.1389008001759038,63.6331477340869611,-0.2495896696172051
76.6576151278390796,64.1626882959014608,-0.2459953057576466
75.1838041391215626,64.7124970457506805,-0.2303183830562375
73.7159724840999644,65.2775318216223042,-0.2008610741272795
72.2525533418342292,65.8528980314036119,-0.1558535364973429
70.7919477971670972,66.4337589201520444,-0.0934257098680624
69.332552401880946,67.0152455410572117,-0.0115787760631366
67.8733092552168245,67.5937688470482101,0.0912697714686258
66.4148860449475791,68.1702909164711457,0.2148997240359254
64.9582951777208564,68.7467802850914182,0.3586551231683973
63.504542305025133,69.3252642535945824,0.5218192091217749
62.054629429215197,69.9078155347762475,0.7036174500175965
60.6095590839259728,70.4965379172302846,0.9032202859542228
59.1703390061679713,71.0935510092457292,1.1197456120069427
57.737986515002568,71.700974197475702,1.3522611284704604
56.313532893723945,72.3209095182988335,1.5997865725903355
54.8980268960280995,72.955423649987523,1.8612960436340327
53.492537732156606,73.6065287582073751,2.1357204606717111
52.0981545049202524,74.2761635795455959,2.4219508664640017
50.7159891275022616,74.9661715183395643,2.718841302112776
]

[
67.5722672300693716,51.6389189817515728,1.9936122947885901
67.7584243083029349,52.3565935497630477,1.8653303216694213
67.9495488453737408,53.0740913185288719,1.7435184090195863
68.1456180291016409,53.7913265477505149,1.6281911479468265
68.3466105032741211,54.5082147520583078,1.5193643570516357
68.5525059712046954,55.2246712401424986,1.4170553210677601
68.7632851456141623,55.9406110119432682,1.3212827791219746
68.9789296976499742,56.6559486573671194,1.2320669111052363
69.199422204955539,57.3705982564383277,1.1494293220895813
69.4247460987002967,58.0844732808199211,1.073393024709077
69.6548855220528083,58.7974862287735505,1.003982444254949
69.8898255701644331,59.5095494435711316,0.9412233079570591
70.129551880196459,60.2205739138573932,0.8851427325295025
70.3740507432710984,60.9304697164093767,0.8357691413094244
70.623309020109815,61.6391458466869295,0.7931322426503525
70.8773140797205201,62.3465101281074752,0.7572629976198118
71.136053736317038,63.052469122701126,0.7281935847200193
71.3995161843598112,63.7569280432240646,0.7059573614492695
71.6676900226972293,64.4597909032147101,0.6905888184963762
71.9405638239954328,65.1609594894168538,0.6821235527605495
72.2181266013092653,65.8603346887777263,0.6805981873006044
72.5003673761578398,66.5578154641141566,0.6860503409556756
72.787275191074869,67.2532990103838415,0.6985185644722857
73.078839030514672,67.9466806775391063,0.7180422784151843
73.375047739354244,68.6378538966101672,0.744661706338052
73.6758902255484287,69.3267107594224257,0.7784178383060291
73.9813543752542131,70.0131396689298526,0.8193522403519014
74.2914283073195918,70.6970283615468418,0.8675071185302782
74.6060994557572172,71.3782619464568597,0.9229251441895892
74.9253546697839852,72.056723301362112,0.9856493798766912
75.2491802185329988,72.7322932342803483,1.0557232025689551
75.5775615275378527,73.4048500888972342,1.1331901672579698
75.9104792892618292,74.0742731548282052,1.2180872661963438
76.2478730379707628,74.7404673180945451,1.3103855312676329
76.5896608406311685,75.4033568989128753,1.4100184766974759
76.9357608301712759,76.0628683876535661,1.5169185905815887
77.2860918006193458,76.7189307219688459,1.6310179573501777
77.6405732726557716,77.3714752015860086,1.7522483855696225
77.9991259259698069,78.0204360691421215,1.8805416658921639
78.3616703547385498,78.6657480723822289,2.0158292205982793
78.7281288108348463,79.3073494506332253,2.1580428136527781
79.0984242571529137,79.9451800373068409,2.3071143061959667
79.4724806247462112,80.5791815642642462,2.4629758309820793
79.8502228445997133,81.209297562872635,2.6255598838299363
80.2315768744587814,81.8354732639960218,2.7947994092706021
80.6164699364046839,82.457655842816834,2.9706279803410371
81.0048298622989051,83.0757932294281147,3.1529795667829199
81.3965858884777305,83.6898352786117101,3.3417889568679611
81.7916682647393998,84.2997330154888829,3.5369916413625209
82.1900083450906607,84.9054386717996579,3.7385239115003381
82.5915386777153202,85.5069057146149447,3.946322959829454
]

[
100.8446569944751872,46.7989274762052787,-0.0526363888648054
100.7623911146835383,47.569357655941225,-0.1380581126035093
100.6836910216752301,48.3407635905455066,-0.2178492828179378
100.6085630298564553,49.1130876523615711,-0.2920032583059693
100.5370139003867251,49.886272115844406,-0.3605127047687472
100.4690507507221753,50.6602601083160806,-0.4233696829247773
100.4046811978749645,51.4349940087411852,-0.4805655143164297
100.3439132659623283,52.2104163604775238,-0.5320908746745779
100.2867554037315472,52.9864696144314422,-0.5779357809222487
100.2332164811473376,53.7630960881182389,-0.6180895988078248
100.183305785497069,54.5402379249541838,-0.6525410512784258
100.1370330170020821,55.3178370537691109,-0.6812782276140849
100.0944082839193925,56.0958351485329203,-0.7042885933459848
100.0554420971183589,56.8741735882933597,-0.7215590009844057
100.0201453641139295,57.6527934173236147,-0.7330757015842529
99.9885293824679593,58.4316353073086603,-0.738824357184952
99.9606058334023828,59.2106394975333785,-0.7387900541522845
99.9363867720344956,59.9897458116064399,-0.7329573175095995
99.9158846213248637,60.7688935598052424,-0.7213101258793245
99.899112162160165,61.5480215217133733,-0.7038319279644286
99.8860825236734797,62.3270679077723528,-0.6805056598412125
99.8768091728680361,63.1059703200264224,-0.6513137633868591
99.8713059034806889,63.8846657116026151,-0.6162382059664855
99.86958682408725,64.6630907199944573,-0.5752604803371935
99.8716663470124217,65.4411801879265767,-0.5283617049620722
99.877559169930052,66.2188692635679104,-0.4755225349696702
99.887280266280797,66.9960919438002804,-0.4167232588541797
99.9008448682714203,67.7727813933399688,-0.3519438071575564
99.9182684505915688,68.5488699094113514,-0.2811637799136062
99.9395667131697962,69.3242888871876914,-0.2043624755507796
99.9647555673785888,70.0989689126803626,-0.1215189072529831
99.9938511126653822,70.8728395469512549,-0.0326118516059271
100.0268679195411323,71.6458297365035151,0.0623774895337822
100.0637996075384564,72.4178725679148982,0.1634353855166168
100.1046254566867475,73.1889054195141426,0.2705259237678578
100.1493242717108103,73.9588666034222086,0.3836125008602961
100.197874728078574,74.7276961397839443,0.5026584070596862
100.2502552166812251,75.4953329162023863,0.6276264241093865
100.3064441250894561,76.2617187481761363,0.7584794928010088
100.3664196988142265,77.0267957238307872,0.8951803470804456
100.4301601040657772,77.790506835156819,1.0376916475937099
100.4976434503146123,78.5527959588487903,1.1859760158905444
100.5688478120075189,79.313607836167094,1.3399960672517324
100.6437512494399869,80.0728880518823161,1.4997144421468456
100.7223318287904164,80.8305830123635189,1.6650938363320935
100.8045676672208089,81.586640155575239,1.8360970831541947
100.8904368797765443,82.341007262772294,2.0126870319069368
100.9799176636970515,83.093633074177589,2.1948267142044462
101.0729882931301375,83.8444670484558969,2.3824793222233738
101.1696271365925526,84.5934593503832133,2.5756082353147267
101.2698126777759313,85.3405608653052496,2.774177053348414
]

[
129.572817307428295,59.0047195138124607,0.3167673085508539
129.3846706425470074,59.6636101930440574,0.3103179358527347
129.1965239776656915,60.3225008722756684,0.3038685631546153
129.008377312784404,60.9813915515072935,0.297419190456496
128.8202306479030881,61.6402822307389044,0.2909698177583767
128.6320839830217722,62.2991729099705154,0.2845204450602572
128.4439373181404562,62.9580635892021405,0.2780710723621378
128.2557906532591687,63.6169542684337515,0.2716216996640185
128.0676439883778528,64.2758449476653624,0.2651723269658991
127.8794973234965653,64.9347356268969804,0.2587229542677797
127.6913506586152494,65.5936263061285985,0.2522735815696604
127.5032039937339476,66.2525169853602023,0.245824208871541
127.3150573288526317,66.9114076645918203,0.2393748361734216
127.1269106639713442,67.5702983438234384,0.2329254634753022
126.9387639990900141,68.2291890230550422,0.2264760907771829
126.7506173342087266,68.8880797022866744,0.2200267180790635
126.5624706693274248,69.5469703815182925,0.2135773453809441
126.3743240044461089,70.2058610607498963,0.2071279726828248
126.1861773395648072,70.8647517399815143,0.2006785999847054
125.9980306746835197,71.5236424192131324,0.194229227286586
125.8098840098022038,72.1825330984447362,0.1877798545884667
125.6217373449208878,72.8414237776763684,0.1813304818903473
125.4335906800395861,73.5003144569079723,0.1748811091922279
125.2454440151582844,74.1592051361395903,0.1684317364941086
125.0572973502769685,74.8180958153711941,0.1619823637959892
124.869150685395681,75.4769864946028122,0.1555329910978698
124.6810040205143792,76.1358771738344302,0.1490836183997505
124.4928573556330775,76.7947678530660482,0.1426342457016311
124.3047106907517616,77.4536585322976663,0.1361848730035117
124.1165640258704457,78.1125492115292701,0.1297355003053924
123.9284173609891582,78.7714398907608881,0.123286127607273
123.7402706961078422,79.4303305699925062,0.1168367549091536
123.5521240312265263,80.0892212492241242,0.1103873822110343
123.3639773663452388,80.748111928455728,0.1039380095129149
123.1758307014639371,81.4070026076873603,0.0974886368147955
122.9876840365826354,82.0658932869189641,0.0910392641166761
122.7995373717013194,82.7247839661505964,0.0845898914185568
122.6113907068200035,83.383674645382186,0.0781405187204374
122.423244041938716,84.042565324613804,0.071691146022318
122.2350973770574143,84.7014560038454221,0.0652417733241987
122.0469507121760984,85.3603466830770401,0.0587924006260793
121.8588040472947966,86.0192373623086439,0.05234302792796
121.6706573824135091,86.6781280415402762,0.0458936552298406
121.482510717532179,87.3370187207718658,0.0394442825317212
121.2943640526508773,87.995909400003498,0.0329949098336019
121.1062173877695898,88.6548000792351161,0.0265455371354825
120.9180707228882738,89.3136907584667199,0.0200961644373631
120.7299240580069721,89.9725814376983379,0.0136467917392438
120.5417773931256562,90.631472116929956,0.0071974190411244
120.3536307282443545,91.2903627961615598,0.000748046343005
120.1654840633630528,91.9492534753931778,-0.0057013263551143
]