139.765167,68.551603,217.68
138.454721,69.168322,211.19
136.975836,68.923396,210.84
115.793520,62.129048,194.18
113.983583,61.219824,199.19
68.183105,82.175779,89.44
66.348528,81.666730,88.33
64.756693,80.962588,84.01
63.183555,80.447742,79.65
61.615393,80.435504,76.81
60.104224,80.588317,74.46
58.160382,80.488204,75.70
55.903623,79.590820,77.98
52.903181,77.739066,87.97
50.461002,74.413040,101.84
72.058821,83.753806,55.37
69.543445,83.320693,62.78
67.535849,82.979340,64.95
66.030074,82.756222,62.10
64.592824,82.328087,57.98
63.092841,82.046230,55.75
61.431723,82.135326,57.01
58.159542,81.589219,68.38
55.153302,79.760109,75.71
51.956090,76.537835,100.08
70.835422,84.644692,54.85
68.251307,84.446072,68.10
67.361839,84.394077,57.29
66.022730,84.051153,52.56
64.546245,83.916714,51.40
62.863566,83.474867,50.10
58.880337,82.044482,66.32
56.226854,80.485367,72.53
53.600204,78.389720,88.34
68.687440,84.493624,65.53
66.778918,84.234917,72.19
65.134669,83.917845,62.88
63.470302,83.605739,58.24
61.626260,83.023735,55.01
59.419297,82.243216,59.59
92.481651,84.743467,25.56
91.538387,84.735632,26.96
90.327034,84.664101,28.65
89.093490,84.682049,30.85
88.026625,84.673875,31.08
87.257757,84.761071,30.60
84.936439,84.431292,34.10
82.171187,84.354953,42.38
79.394868,83.968628,49.61
76.633521,83.734118,58.79
73.901042,83.868527,69.70
70.493986,82.781186,84.68
85.395980,84.745494,32.74
84.038922,84.887447,43.52
82.400688,84.811983,47.66
80.764954,84.812170,51.07
79.549121,84.893293,48.50
78.703785,85.022423,44.14
76.498014,84.842331,49.58
74.623412,84.809883,52.79
72.058821,83.753806,55.37
77.276958,84.842660,47.56
75.641771,84.994333,56.63
73.758176,84.810398,61.45
72.066826,84.882720,63.43
70.835422,84.644692,54.85
68.687440,84.493624,65.53
93.593674,83.497352,22.66
91.609560,83.323746,26.02
89.395957,83.317540,31.64
61.406480,78.350242,109.27
59.833765,78.840324,102.18
58.204917,78.953571,98.13
90.729590,59.687437,153.99
89.135820,58.315721,159.46
88.245613,56.825595,165.46
144.255879,66.582993,233.11
139.173509,64.034822,220.08
135.534264,64.282395,205.70
146.050536,69.431850,226.25
143.682481,68.555807,225.46
141.390585,68.552843,219.84
148.285573,70.265054,241.28
142.095366,66.603659,220.92
139.702898,66.032133,218.52
137.633954,66.246341,212.48
136.026591,66.721721,205.55
152.967177,75.651710,243.20
147.990290,71.448984,233.02
144.984737,71.089924,224.60
143.271619,70.997787,222.99
141.797895,71.308364,219.54
140.348394,71.143040,219.65
138.755796,71.319211,214.70
136.786626,71.218895,208.78
150.997603,74.641715,229.80
148.777933,73.402829,231.66
146.590426,73.277732,227.67
144.901798,73.629641,223.49
143.262442,73.675313,220.98
141.588381,73.581428,218.88
139.617350,73.292353,216.08
137.420703,72.904275,212.68
134.931288,72.693406,206.15
158.258600,82.339314,0.00
153.184043,76.536623,239.07
149.798860,76.104362,228.13
147.984379,75.912876,226.79
146.250735,75.956743,224.28
144.457393,75.826730,222.19
142.366070,75.611667,218.51
139.992588,75.087298,215.63
137.592550,74.599384,212.67
135.226865,74.312187,208.66
132.872588,74.328213,202.64
159.417620,83.884390,256.59
153.949868,78.230384,238.04
151.408702,78.131552,231.90
149.405967,78.351539,227.24
147.484722,78.181656,224.94
145.393304,77.966120,221.69
143.058255,77.532700,218.52
140.633095,76.997360,215.83
138.345239,76.541500,213.53
136.196456,76.205764,211.14
134.080540,76.019752,207.87
131.953588,76.125173,202.42
160.880012,85.820590,264.61
155.226902,80.435533,238.45
153.033577,80.372274,234.59
151.018986,80.382582,231.23
148.896405,80.310488,227.26
146.536065,80.005541,223.10
144.086064,79.576730,219.45
141.816363,79.190456,216.71
139.756619,78.833491,214.85
137.756083,78.487983,213.18
135.705727,78.122563,211.41
133.648644,77.915416,208.51
131.668782,78.027668,203.43
157.393617,83.735268,240.61
155.314289,82.591561,241.94
152.980861,82.481644,237.10
150.640219,82.287718,232.45
148.083732,81.977126,227.08
145.577940,81.660588,222.41
143.352480,81.405593,219.08
141.260480,81.130699,216.55
139.212392,80.727460,215.05
137.163906,80.357159,213.34
135.231907,80.055960,211.65
133.437170,79.925174,209.23
131.678918,79.986644,205.15
158.901369,85.779534,259.14
155.664571,84.694918,248.33
152.882601,84.398849,240.45
150.059354,84.003361,233.27
147.510210,83.649420,228.30
145.169204,83.467183,223.85
142.956967,83.242380,220.39
140.860307,82.992089,217.66
138.903910,82.645301,216.21
137.016991,82.288107,215.13
135.202573,82.057602,213.44
133.449189,81.914421,211.21
131.527165,81.867732,207.13
156.860194,86.794675,264.02
153.969151,86.246909,254.68
150.628241,85.809064,242.00
147.610250,85.437866,233.13
145.198778,85.304383,227.75
143.048595,85.109702,224.29
140.982363,84.871418,221.52
138.981375,84.575229,219.43
137.078326,84.148693,218.73
135.133748,83.850007,216.85
132.943521,83.614473,213.14
130.597802,83.522532,207.70
152.156798,87.556822,261.08
148.699252,87.073984,246.89
145.866104,87.131311,236.80
143.319781,86.979335,229.96
141.155316,86.625152,227.12
139.040681,86.249806,224.76
136.689754,85.750014,221.82
134.303044,85.297919,218.63
131.948537,85.054096,214.46
129.572710,85.114370,208.28
150.297254,88.980888,267.03
147.401874,88.787793,256.74
144.357543,88.581865,244.67
141.331062,88.324578,233.74
138.441148,87.731752,227.17
135.926858,87.171084,223.71
133.574005,86.767951,220.54
131.205848,86.624206,215.88
129.050310,86.778677,210.21
145.874064,90.288195,266.44
142.787810,89.767527,254.13
139.536742,89.251970,241.62
136.739410,88.812131,234.16
134.245696,88.388553,229.50
131.906414,88.115732,225.25
128.811359,88.470488,213.13
141.243281,91.156950,263.84
138.282661,90.849657,252.22
135.861940,90.545309,246.19
133.871303,90.199499,244.59
132.170116,89.942244,245.54
120.275166,54.341182,210.99
118.050501,53.278972,216.92
115.496727,52.064568,219.36
125.814200,62.081430,160.55
123.201632,60.824990,168.80
121.200207,58.696482,183.34
119.239061,56.773706,195.52
117.279920,55.454379,201.75
115.367589,54.607374,204.12
113.565943,53.848393,206.17
111.451268,53.271619,205.72
138.672444,63.479294,218.02
132.007757,62.855576,192.28
129.938254,64.004975,177.42
128.191219,64.963122,164.29
126.414702,65.515361,155.13
124.512823,65.212258,153.25
122.876439,63.950642,157.82
121.532251,62.157040,167.66
120.081598,60.291045,181.74
118.269246,58.772097,193.24
116.455703,57.693575,199.56
114.803957,56.917325,203.27
112.817188,56.357871,203.14
134.622114,67.511991,193.73
132.850440,67.800252,183.85
130.817316,68.736657,165.64
128.291940,69.618992,153.41
125.916536,69.830619,149.27
123.652021,69.437707,149.63
121.451665,68.394105,154.32
119.633645,66.764244,162.61
118.340040,64.962159,173.06
117.322342,63.307555,185.38
133.558029,65.011881,195.30
131.770936,65.917322,182.44
129.987625,66.863407,168.38
128.171994,67.641534,156.50
126.227790,67.942365,150.02
124.203411,67.577551,149.15
122.293851,66.561178,152.53
120.857502,64.996699,159.17
119.896150,63.343228,167.79
118.851628,61.777299,180.66
117.402950,60.637995,191.35
115.796882,59.705216,199.76
113.595953,59.075716,199.52
103.243372,49.669593,180.88
101.353815,50.901601,164.33
99.594698,51.840217,151.52
97.688383,51.017089,153.60
95.610381,50.160604,156.66
93.326184,48.868336,163.88
90.886411,47.160893,174.43
115.496727,52.064568,219.36
110.513853,50.447905,210.00
107.973156,50.475657,203.53
105.820233,51.085884,194.03
104.154805,52.338289,179.06
102.687427,53.560178,162.79
101.133542,54.454774,149.74
99.446248,55.019171,140.90
97.661330,54.391798,140.70
95.907725,53.249597,143.90
94.033109,51.716640,151.54
91.450750,50.103641,163.63
88.821532,48.718626,172.52
111.451268,53.271619,205.72
109.455583,53.142055,202.38
108.011951,53.352214,197.65
106.624519,53.953879,187.85
105.124914,54.658773,174.25
103.503971,55.722398,155.75
101.588091,56.749243,141.79
99.582694,57.232878,135.30
97.573795,56.927247,134.38
95.716606,55.974778,136.44
94.224185,54.311187,141.76
92.500342,52.380726,153.81
89.752521,50.925141,167.21
112.817188,56.357871,203.14
110.964262,55.981791,201.59
109.512539,55.675685,200.93
107.864165,56.041898,189.13
105.888711,56.664001,171.00
103.514515,57.777069,151.52
101.184404,58.761493,140.28
99.103339,59.121180,135.12
96.989991,58.829570,134.74
94.944186,58.027454,136.97
93.385422,56.567999,141.00
92.411879,54.698911,146.59
90.846978,52.933580,159.99
111.652748,60.515688,199.39
109.753326,59.946219,199.77
107.459532,59.987469,191.96
104.924674,60.602032,178.66
102.818643,61.531156,164.20
101.019700,62.280610,152.39
99.259646,62.668714,144.52
97.329568,62.533114,141.76
95.125514,61.986730,143.17
92.814905,61.022612,147.72
113.595953,59.075716,199.52
111.459969,58.382270,200.63
109.535342,58.038578,197.55
107.324990,58.195486,185.58
104.905170,58.869151,168.15
102.423350,59.946532,152.01
100.289265,60.688514,142.33
98.251140,60.812197,138.39
96.054142,60.425309,138.91
93.846009,59.590329,142.21
92.038735,58.291954,146.83
90.940274,56.684313,151.62
90.276813,55.108526,156.44
87.034419,47.766637,176.02
84.805825,47.388668,174.76
87.665667,45.976156,188.14
86.639106,50.009621,172.98
84.161155,49.644096,172.05
82.430376,48.862591,173.87
80.406378,48.499602,172.40
82.409274,46.879129,184.10
88.314984,51.838919,170.44
85.432712,51.551553,169.35
82.278611,51.076199,170.82
79.869613,50.661353,170.38
77.910161,50.284744,169.03
75.770253,50.131200,166.24
78.154625,47.994778,178.02
87.075925,55.832252,168.82
85.675966,55.222115,168.23
84.181738,54.667464,166.84
82.293086,54.181148,165.67
80.038556,53.897851,162.92
77.490021,53.890688,158.56
75.126565,54.320878,150.25
72.929025,54.923350,142.06
70.830551,55.332864,136.61
68.670015,54.285395,141.16
88.867891,54.013490,162.17
86.838405,53.216100,167.36
84.007830,52.629134,170.88
81.191940,52.523978,167.42
78.458392,52.392424,165.15
75.912658,52.358015,162.20
73.683799,52.336292,158.85
71.453554,52.129027,157.26
56.383766,58.029301,152.58
55.767927,59.914298,153.18
53.313957,59.068237,157.48
56.356832,56.141300,170.61
56.942567,61.327999,149.24
53.180114,61.423027,152.64
50.910187,60.750204,154.92
48.851927,59.829416,158.27
58.093100,62.619384,142.85
54.856376,62.420703,149.93
51.513029,63.087323,146.73
49.309651,63.496003,141.31
47.219778,62.373218,146.12
57.238714,64.505508,146.83
55.349445,64.176036,143.29
52.992115,64.336692,138.90
50.674821,65.414909,128.72
48.725377,66.140936,121.88
46.947571,64.632592,125.80
56.107916,66.698401,148.28
54.605078,66.285965,142.80
53.015385,66.510855,130.37
51.491576,67.346373,115.70
50.051677,68.295002,105.23
48.199726,68.171121,103.61
45.566031,64.918136,122.42
54.131794,70.936791,137.20
53.998522,68.899053,135.45
52.546372,69.687809,119.88
51.321113,70.093752,108.25
50.261556,70.758667,97.36
48.918778,69.924324,92.21
46.113238,66.267258,111.02
54.517756,73.590515,126.43
53.328354,73.315275,119.32
52.587907,72.103481,111.15
51.511525,72.661561,99.34
50.354420,72.517412,91.64
48.600547,71.199927,90.06
46.376633,66.795989,101.47
56.620797,78.464347,94.88
54.946960,77.929393,92.52
53.295829,76.920320,89.93
51.239546,75.378795,91.56
49.124994,72.063059,99.77
55.174762,76.178183,113.78
53.944020,75.563991,107.89
52.793118,74.975158,100.57
51.698996,74.340660,92.20
49.842451,73.427738,91.60
47.831317,69.624126,97.03
83.232125,57.466023,169.00
82.487473,56.236348,174.97
81.026066,56.761114,159.25
79.823988,55.917228,159.66
78.241866,55.682614,152.10
76.262239,55.849852,142.31
74.217882,56.637055,129.91
72.075960,57.638495,121.93
69.822833,57.905788,120.67
67.413271,56.540015,128.16
81.749252,59.521263,169.44
80.207674,59.788809,161.57
79.454055,58.450425,165.96
77.982002,59.183430,150.46
77.349435,57.628739,154.49
75.757307,58.293292,135.84
74.145938,59.038136,121.69
72.413518,59.938044,112.66
70.441313,60.340346,109.95
68.186502,59.679810,112.90
65.644884,58.356925,120.76
62.621178,56.766275,134.53
81.234689,61.974411,164.87
79.445859,61.985414,159.93
77.911680,61.882190,155.04
76.402745,62.752827,142.70
76.137000,60.599015,146.17
74.737490,61.834058,126.99
73.307854,62.003137,118.71
71.835996,62.475666,110.83
70.075642,62.462349,107.99
68.101810,61.929600,108.35
65.785683,60.577645,114.03
62.717716,58.912253,128.62
59.137024,57.142138,147.47
80.519775,64.165638,163.09
78.954609,64.383074,156.00
77.556435,64.682881,147.54
76.240459,65.131155,137.71
74.999185,64.853288,131.93
73.820930,64.475354,125.75
72.502340,64.583117,117.94
71.024991,64.535479,112.55
69.278899,64.418071,109.86
67.346789,63.901807,109.85
65.475207,62.448359,112.25
63.011994,60.499575,123.70
59.103730,59.126169,144.35
80.630892,66.365593,158.95
78.930616,66.698377,150.96
77.439058,67.152596,141.61
76.057158,67.620748,132.26
74.665574,67.651498,125.92
73.398782,67.044733,121.64
71.993651,66.680340,116.95
70.358291,66.495259,113.39
68.407089,66.280211,112.53
66.289091,65.666733,114.18
64.625701,64.121083,115.81
63.083469,62.072652,119.71
59.761772,60.566494,140.62
81.863039,68.087663,153.33
79.831266,68.525309,144.15
78.011152,69.236079,133.70
76.366664,69.919378,124.71
74.708285,70.120046,119.59
73.105010,69.578446,117.31
71.490324,68.883970,115.57
69.601119,68.427697,114.99
67.394901,67.990035,116.69
65.048608,67.200576,120.64
63.331385,65.679093,123.63
62.365111,63.660031,123.87
60.719071,61.892626,131.88
81.979306,70.078952,148.28
80.241615,70.498047,136.49
78.480459,71.303712,124.85
76.717127,72.094180,116.91
74.833317,72.311004,113.86
72.888662,71.827978,113.81
70.927750,70.976392,115.10
68.764687,70.221563,117.65
66.283637,69.526890,122.25
63.765958,68.546031,128.27
61.774456,67.162875,133.38
60.938402,65.232047,135.36
59.948762,63.575332,137.75
80.928222,73.127570,140.53
79.523828,73.404334,130.09
78.143325,74.043612,118.76
76.527865,74.408009,112.68
74.671094,74.380577,110.58
72.611922,73.801441,111.69
70.426728,72.736689,115.36
68.012339,71.722409,120.95
65.201435,70.883577,128.58
62.527090,69.841626,135.93
60.373877,68.653811,141.21
59.010389,67.207763,144.71
58.686596,65.452779,145.67
80.212817,76.846550,129.23
78.939314,76.375821,124.12
77.573716,76.623914,116.21
76.027603,76.608239,111.46
74.210065,76.418085,109.64
72.161916,75.669091,111.14
69.915711,74.291929,116.49
67.348045,73.027940,124.88
64.289913,72.158322,134.57
61.484611,71.294333,141.49
59.371576,70.342601,145.08
57.575736,69.527450,146.34
56.563985,68.251463,147.40
80.810570,79.461500,117.43
79.332914,79.115116,113.09
77.742637,78.885199,109.37
75.948038,78.762168,107.21
73.894356,78.462486,107.62
71.679890,77.586359,110.68
69.489550,75.910632,116.77
66.840179,74.346904,128.09
63.527228,73.534205,139.41
60.876051,73.000456,143.22
58.763529,72.352497,144.80
57.045133,71.784040,143.97
55.557407,71.305526,141.27
82.971410,81.519453,92.66
80.836711,81.398499,94.38
78.582124,81.035292,97.15
76.293442,80.768517,99.89
73.854257,80.402478,103.71
71.321877,79.558470,109.12
69.098280,77.851248,115.41
67.163999,76.025773,121.90
64.425792,74.929098,133.24
61.126573,74.800940,139.78
58.791705,74.640646,139.54
57.091649,74.378405,136.53
55.727917,73.967496,132.32
86.727549,83.457276,40.89
83.727263,83.432686,52.03
80.924766,83.358082,62.12
78.181870,83.301491,71.68
75.329815,83.139466,81.47
72.713793,82.458966,88.17
69.417034,81.599085,102.50
67.016111,80.510235,109.05
65.035790,79.207687,112.95
63.177382,78.327873,113.93
85.285266,82.808960,63.72
82.359192,82.729783,74.47
79.657198,82.435882,82.28
77.061547,82.261362,88.77
74.349843,82.039417,95.60
71.450057,81.330397,104.09
68.841460,79.954029,112.24
66.783080,78.133700,119.20
64.845929,76.737814,124.89
62.378878,76.244253,130.00
59.882085,76.659706,128.22
58.096922,76.948963,122.59
56.534585,76.687057,118.52
107.067659,61.883332,193.58
105.046252,62.415329,184.48
103.263700,63.211935,172.97
101.620635,64.015927,161.10
100.024166,64.668288,150.70
98.338368,64.884049,144.37
96.482968,64.419377,143.52
94.371366,63.670414,145.74
92.100855,62.580751,150.95
89.915630,61.222196,157.83
87.840706,59.814902,164.99
86.126765,58.624140,170.01
84.646084,57.840020,171.51
106.268003,64.035581,191.29
104.373301,64.705157,181.36
102.651608,65.620372,168.98
101.053220,66.510079,156.68
99.467087,67.164304,146.77
97.744886,67.132724,142.53
95.955222,66.386391,143.16
93.887161,65.371986,146.98
91.503754,64.141159,153.77
89.281553,62.884460,160.10
87.406774,61.647951,165.50
85.466998,60.675367,169.10
83.420813,60.054323,169.93
105.831529,66.280676,188.84
104.111583,67.034633,177.89
102.517543,67.991638,164.41
100.937502,68.912735,151.48
99.248869,69.493105,142.61
97.456659,69.352237,139.46
95.746489,68.461661,140.48
93.988939,67.201085,144.52
91.668184,65.799670,153.07
88.796607,64.540560,162.04
86.588033,63.468973,166.89
84.867913,62.654076,168.74
83.077478,62.199590,167.74
106.188209,68.508016,187.29
104.551787,69.146557,175.61
102.850147,70.104063,160.23
101.040701,71.076627,146.74
99.177790,71.636388,138.78
97.221262,71.490828,136.56
95.376803,70.628685,138.01
93.856169,69.193058,141.73
92.262454,67.516877,149.38
89.751098,66.156583,160.22
86.634106,65.310380,166.41
84.160003,64.693837,168.06
82.239777,64.289333,166.92
106.711184,70.663650,186.18
104.750875,71.285248,172.44
102.699835,72.312773,156.01
100.760438,73.288851,143.20
98.822691,73.707609,136.82
96.711487,73.439310,136.23
94.656648,72.584396,138.77
93.028276,71.162509,143.00
91.894052,69.487846,147.89
90.389799,67.934260,156.61
87.946528,66.794073,166.30
85.163380,66.449233,166.40
82.644646,66.281453,164.24
105.450051,73.201585,179.05
103.476718,74.094350,164.68
101.746505,75.078599,150.43
100.085176,75.783052,139.96
98.168602,75.748686,136.73
95.968902,75.318054,137.56
93.719017,74.334943,141.84
91.843792,72.888059,147.64
90.535655,71.300825,153.23
89.577698,69.828032,158.35
88.208209,68.727295,163.20
86.223781,68.122431,164.35
83.954005,67.857235,161.91
104.051244,76.207873,169.59
102.574103,77.188648,155.57
101.320886,78.266360,140.65
99.646945,78.316372,135.59
97.721470,77.977555,134.42
95.409113,77.414722,136.66
92.885947,76.164363,143.78
90.676472,74.515192,152.36
88.989688,72.985819,159.11
87.739417,71.661909,164.11
86.761365,70.384658,169.78
85.187902,70.277465,163.15
83.687585,69.915292,158.79
103.896651,79.382982,157.99
103.472849,80.828276,135.53
102.041107,81.111381,127.38
100.394141,80.589120,125.30
98.445572,80.227229,124.55
96.070296,79.750340,127.30
92.785720,78.462649,139.37
89.972568,76.490292,152.59
87.885385,74.921297,160.66
86.242883,73.830526,164.33
84.873807,73.046269,165.10
83.456531,72.967088,159.20
82.217485,72.287326,157.84
106.627420,82.664337,125.75
105.834829,83.535531,107.02
104.329285,82.859160,103.03
102.564199,82.650908,100.62
100.449842,82.135865,102.48
98.189091,81.586176,105.83
95.293946,80.977715,115.08
90.412293,78.876705,145.14
87.575565,77.279451,156.64
85.616740,76.439653,159.01
84.035310,76.110317,156.21
82.643280,76.054568,150.25
81.383596,76.316365,140.82
109.992626,84.919367,73.89
108.776832,84.172788,64.13
107.486980,84.545379,62.34
105.901670,84.873956,63.28
103.317607,83.945810,67.44
100.746749,83.268175,73.22
98.240510,82.818688,79.47
94.009038,81.263526,107.24
88.758165,79.761027,144.54
86.561622,79.356012,144.96
84.928766,79.179233,140.48
83.537793,79.317602,132.31
82.236026,79.681306,122.71
112.609365,87.142929,45.41
111.140885,86.833343,44.04
109.378692,86.500813,44.37
107.639115,86.234644,44.92
104.495931,84.851346,47.55
102.006973,84.051704,50.21
99.590732,83.709882,55.89
96.868560,82.611104,60.63
92.742940,81.200860,92.48
90.627462,80.958521,95.72
88.317987,81.179497,100.17
86.483365,81.343992,97.53
84.722996,81.439600,94.85
101.785758,85.359106,46.80
99.963216,85.001709,50.80
98.389111,84.865202,50.22
97.009343,84.842048,47.87
95.823470,84.782457,43.52
95.145643,84.705708,36.40
94.440583,84.621964,32.70
111.436043,88.249656,44.00
108.882217,87.280867,45.72
106.108958,86.346163,51.11
104.406791,85.837356,48.81
103.412826,85.559251,42.24
101.649330,85.306867,43.51
100.616316,85.066708,39.61
98.376723,84.268401,39.67
96.258279,83.454306,38.73
94.836190,82.779942,34.30
92.048234,82.181109,39.75
90.052674,82.269718,45.83
87.898731,82.602003,53.86
135.332662,69.482437,197.81
133.061723,69.779278,183.79
130.066806,70.578661,167.16
127.297000,71.264005,157.64
125.043100,71.424528,153.13
122.800342,70.995269,153.47
120.503193,69.905031,158.71
118.422822,68.172436,168.30
116.738934,66.174826,180.33
115.213574,64.411912,191.46
113.389163,63.133998,198.08
111.424710,62.316732,200.24
109.195355,61.901136,198.32
134.324183,71.217069,198.35
131.552498,71.457622,185.99
128.663377,72.235094,171.69
126.274536,72.886338,161.73
124.156679,73.023971,156.83
121.975746,72.558384,157.06
119.787202,71.479602,161.79
117.681664,69.797099,170.99
115.816727,67.833476,182.50
114.096788,66.112266,192.34
112.284705,64.874348,198.09
110.331029,64.099297,199.78
108.287204,63.866748,197.09
132.195473,72.862322,195.99
129.635570,73.410633,184.38
127.350053,74.125053,172.97
125.253815,74.668399,164.10
123.242652,74.759296,159.39
121.244379,74.258836,159.27
119.305359,73.199121,163.20
117.369171,71.612002,171.58
115.343240,69.718118,182.85
113.472105,68.050969,192.09
111.673577,66.853068,197.50
109.744757,66.139842,198.79
107.736918,65.963080,195.74
130.578216,74.702271,194.16
128.422541,75.360401,183.73
126.384875,76.076536,173.17
124.417218,76.574659,164.88
122.464128,76.626702,160.45
120.553387,76.084989,160.39
118.768158,75.023255,163.97
117.086109,73.517452,171.41
115.267629,71.770044,181.92
113.282300,70.188112,190.93
111.365055,69.046439,195.92
109.561321,68.387753,197.15
107.843037,68.225125,194.40
129.889396,76.564103,194.37
127.899023,77.238389,184.14
125.918303,77.966894,173.38
123.924933,78.491688,164.83
121.919502,78.568556,160.32
119.945086,78.063594,160.16
118.121399,77.006895,163.73
116.527641,75.526583,170.71
115.014370,73.896616,180.13
113.372200,72.489322,188.51
111.694075,71.496203,193.28
110.087619,70.843605,195.14
108.471382,70.555343,193.27
129.754234,78.442558,195.66
127.802359,79.063575,185.33
125.729193,79.804466,173.78
123.615960,80.376160,164.63
121.554444,80.566392,159.29
119.455873,80.175802,158.65
117.416104,79.131446,162.59
115.635680,77.584740,170.08
114.134201,75.916357,179.28
112.674172,74.522238,187.28
111.084525,73.520292,192.18
109.362014,72.917650,193.19
107.480357,72.794251,189.01
129.799612,80.313578,197.69
127.614710,80.895252,186.54
125.269965,81.660263,174.31
123.163688,82.305533,164.39
121.212436,82.733567,156.88
119.121645,82.503829,155.14
116.949474,81.524078,158.98
114.871662,79.876608,167.53
113.046980,78.016160,177.90
111.379540,76.500684,186.02
109.632084,75.498390,190.09
107.737620,75.124663,188.67
105.790795,75.420678,181.38
129.230528,82.146225,198.46
126.733362,82.790516,186.45
124.522091,83.701201,173.47
122.691755,84.614607,161.10
121.050744,85.435000,149.90
119.171190,85.217430,147.49
117.096034,84.417225,149.83
114.820092,82.750923,159.14
112.608297,80.705408,171.58
110.611487,79.024457,180.93
108.725772,77.984197,185.01
106.841377,77.760305,182.39
105.183680,78.372698,172.54
128.047924,83.988532,197.39
125.759591,85.004171,183.58
123.975851,86.255779,168.10
122.845901,87.595653,150.41
121.889196,88.675686,134.36
120.304018,87.903577,133.61
118.632709,87.426891,131.52
116.753056,86.428241,134.10
114.126356,84.521333,148.98
110.968243,82.323472,168.28
109.029450,81.343366,172.28
107.437988,80.845431,171.39
105.928025,81.220756,161.46
127.195031,86.080625,195.28
125.414327,87.609657,177.67
124.430693,89.281479,155.89
125.169973,91.185304,120.28
123.764670,91.287788,112.93
122.390259,90.498239,108.75
120.851542,89.974793,104.90
119.227169,89.314805,102.11
117.432792,88.354671,101.65
115.425154,86.886867,105.44
113.678609,85.907040,104.55
112.304427,84.979132,96.47
111.110951,84.270675,82.55
127.021883,88.409174,192.67
126.380616,90.453193,166.62
127.607292,92.318429,116.87
128.748573,93.454625,76.72
126.453678,93.291853,81.21
124.882559,92.986509,78.24
123.114517,92.541669,77.00
121.415514,91.755918,74.38
119.916185,90.812152,69.20
118.144719,90.031442,66.87
116.583243,89.327847,62.80
115.387244,88.541405,55.22
114.045238,87.651568,48.57
130.138420,89.125024,245.71
130.817478,90.763701,283.26
133.643279,92.274108,356.76
133.126395,95.385821,26.57
128.564640,95.976861,47.79
124.312596,94.378660,63.06
121.726606,93.146769,68.47
119.577779,92.124485,69.26
117.530965,91.069606,67.28
115.465900,90.104862,66.02
127.909227,90.762255,191.46
130.894496,92.391411,85.83
129.314149,91.495204,62.97
131.668053,94.006294,39.64
129.536732,94.805708,49.36
127.060068,95.244865,57.62
123.716887,94.104300,65.81
121.352300,93.067067,67.87
119.274162,92.001037,67.25
118.247313,91.381728,58.05
116.360512,90.508243,55.74
113.950331,89.303897,56.15
112.985873,88.948602,48.24
92.475566,127.073654,1.47
81.972292,130.770147,18.00
80.902582,122.389279,169.70
81.011383,126.920031,1.36
75.766550,126.726860,102.11
74.098357,128.362810,56.73
79.164312,130.547920,359.21
71.259191,128.910081,59.90
75.296243,122.378013,181.40
71.949837,126.024380,176.26
76.549405,129.470144,0.93
83.525020,127.727009,0.37
70.305394,125.010697,160.03
77.774268,128.212696,12.85
72.252485,127.907079,102.09
91.021795,128.366462,0.21
70.776957,130.273938,27.26
73.151949,125.284639,181.27
74.003179,126.904988,154.49
82.608397,126.494436,3.51
77.538636,130.381683,0.95
68.522321,124.023010,142.45
67.886306,128.566821,110.61
72.249840,122.307212,167.98
82.301680,129.393105,357.81
69.809860,126.828220,159.08
71.117063,127.110724,166.26
82.675650,122.454936,180.01
67.536237,126.683337,114.13
84.752847,130.223704,8.79
73.842431,130.195205,2.46
81.336994,128.594364,357.21
88.531300,127.787440,1.18
68.939524,129.934259,9.74
69.498349,123.134312,169.87
73.760587,122.292441,168.55
73.905432,123.777399,180.99
70.449941,122.054747,179.26
79.031597,128.374994,0.36
71.090903,123.770132,178.47
77.238626,126.968931,34.56
84.544787,128.762750,359.64
72.202206,123.803961,178.01
75.276299,130.771541,14.42
90.114946,126.951362,359.18
68.656853,125.646866,118.35
87.519401,126.412536,359.50
72.473131,130.130776,5.85
76.814018,122.322174,182.67
79.243078,126.556811,9.72
77.123248,123.790619,179.33
75.455519,128.745971,8.22
66.706719,129.396533,115.85
87.099156,129.148145,4.84
69.146015,128.098548,137.49
86.380407,127.612982,0.60
84.979767,126.607924,354.94
80.060883,128.987040,3.05
75.118561,124.648022,176.13
78.773517,122.161986,188.10
124.705847,119.182958,191.30
134.149584,118.634361,185.46
131.978121,122.310990,184.44
131.023715,114.944503,182.10
128.552764,119.592035,188.07
129.110309,113.872013,196.56
129.176916,118.353569,189.45
141.589741,122.307202,177.02
136.653233,115.700625,180.26
143.386547,115.050609,176.84
136.031006,118.308408,182.76
131.123129,116.702687,185.06
135.067787,116.785948,181.75
134.786233,121.207623,187.86
132.465077,117.844248,182.10
127.383058,113.785553,197.78
141.189922,114.802589,178.49
133.552220,116.350280,181.80
133.535977,113.912174,188.05
135.712430,120.095078,190.44
134.909305,114.757440,191.45
122.979284,115.332534,193.44
127.048736,118.218892,186.22
121.865902,116.671815,191.15
138.053331,120.860945,187.61
125.655884,118.336835,190.79
129.260505,120.928314,184.44
137.548397,122.780309,179.25
123.607281,117.176806,192.61
138.428933,118.089991,197.31
129.615290,116.809046,187.68
132.478294,115.400492,188.25
131.252233,113.491358,191.58
145.643228,114.476799,256.80
128.970472,115.409502,190.18
133.753643,122.325870,183.18
133.108947,119.849438,185.70
125.528175,116.614600,190.73
137.879903,116.533815,175.68
135.803000,122.749259,185.67
140.751196,116.632040,198.72
127.918713,116.935262,189.24
139.023923,114.896391,191.31
125.022747,114.851631,192.29
130.690006,120.714307,186.29
127.116519,120.663151,184.19
131.939141,120.376563,184.51
146.136187,115.792149,263.20
130.847818,118.642893,184.82
144.840766,116.646690,253.49
129.440984,122.286086,181.11
136.758556,114.195857,194.17
139.471221,122.783987,168.45
126.869317,115.464060,190.19
136.017448,127.270525,175.16
125.455442,129.071939,188.26
127.861864,125.520694,190.43
134.807223,131.979308,181.42
127.521878,131.820533,182.85
122.875387,124.262325,192.31
138.025252,126.788486,178.14
143.916844,132.306063,185.34
141.502449,132.427195,185.10
128.070701,127.476454,185.73
121.054729,124.341721,190.39
124.325432,124.900281,192.30
124.779428,126.837739,192.36
146.744290,127.518863,255.94
132.245512,128.706455,185.20
136.355089,131.020505,187.35
136.431411,132.955920,182.93
123.647638,128.099941,191.63
138.513690,132.992216,179.87
134.654057,128.162788,181.85
130.017263,124.154896,190.20
121.599813,128.479741,194.87
133.817699,124.489220,190.94
146.503123,125.738610,254.73
138.009942,125.091660,187.70
135.339716,124.675165,182.80
138.689645,131.290102,185.53
122.908855,126.368418,190.76
129.667788,130.954992,183.65
144.417494,124.981447,194.41
130.667232,125.541915,185.24
126.031748,125.097998,191.08
123.772510,129.754132,185.94
139.395887,127.746150,194.94
128.178903,130.663903,188.85
132.734768,125.829047,183.22
128.829770,129.124891,189.32
130.268803,128.371056,184.33
121.177790,126.613909,191.32
134.654278,129.797456,182.27
132.218590,132.343476,187.47
140.217388,125.132195,167.08
142.197692,125.372513,164.17
128.223980,123.873433,191.67
129.279526,126.556146,185.78
132.996911,130.238194,187.26
119.972426,125.252255,193.81
126.527449,123.299540,195.92
133.314159,127.167885,183.99
132.015985,124.259128,187.06
131.049380,130.190518,181.89
131.212058,127.069189,183.67
133.448741,132.080658,187.32
126.361685,126.950726,190.05
125.780441,131.023261,197.90
130.696638,132.310326,193.11
126.989534,128.829218,185.26
146.776380,124.467681,257.74
136.146312,125.673095,178.53
128.809217,136.653226,189.54
125.695364,133.243122,187.67
147.004371,136.752737,277.95
134.255692,134.477580,179.64
141.267773,140.235554,4.70
126.032089,134.682361,189.53
135.355401,135.409262,189.96
144.744715,138.064521,340.30
139.484635,135.215421,185.13
136.254297,138.260395,179.76
128.287717,133.814311,183.34
148.456119,136.081194,264.25
139.282973,142.380910,7.55
133.693172,136.592391,185.15
123.504443,134.391592,189.87
142.486298,141.010489,2.14
148.860692,140.468445,278.56
138.807718,137.758339,200.43
148.886797,138.263413,261.85
144.998191,142.615932,358.92
143.488823,136.064711,186.46
147.233630,138.375734,324.76
146.917015,139.693139,350.96
123.491185,136.056607,190.10
121.225363,135.290002,192.77
131.821984,136.457890,181.67
149.020174,142.596731,8.64
137.514023,135.024977,185.27
143.475521,139.627523,4.74
140.596100,143.039686,8.42
132.210277,137.773577,184.11
127.474546,135.915641,189.25
135.718116,142.513473,15.01
137.802488,142.319932,10.23
146.277448,141.018853,4.04
134.269764,138.089759,182.71
141.325189,135.177614,180.26
129.664720,134.713540,194.88
131.946528,135.255990,186.12
143.208990,143.402081,10.51
130.300233,137.237594,189.94
141.055767,136.868289,205.42
142.747226,142.204522,1.55
142.565504,137.855014,291.03
145.041204,136.535185,239.37
137.665156,136.868331,184.69
135.985844,136.671870,179.56
139.487193,140.125404,11.51
125.636597,136.343830,183.82
143.412610,134.560296,189.01
140.336224,138.477342,207.18
147.797378,134.490187,242.22
145.873444,134.970668,234.41
145.126420,139.928994,5.94
146.895237,142.699025,357.62
131.569945,134.128963,190.72
120.112162,116.614759,194.18
116.254469,116.936456,202.71
116.863365,108.967726,218.19
106.484196,111.355216,201.27
109.143844,115.147955,187.22
116.353957,110.326482,200.26
123.163697,111.812606,207.47
117.965600,110.843773,201.83
121.585404,110.503272,208.74
112.065780,112.829958,203.68
124.644214,112.481758,203.93
116.349921,111.979552,199.89
112.471554,107.294658,215.49
118.064090,112.446652,200.17
108.931834,110.046257,202.50
114.989189,108.431556,209.72
110.582593,113.173300,207.50
114.350527,114.726970,201.11
108.214202,111.744135,200.81
118.089554,117.212221,202.56
118.713399,116.002741,200.01
112.955988,111.498642,204.25
124.981889,120.800945,182.36
123.172239,119.006217,201.92
119.337470,109.811752,208.30
122.381050,120.091593,199.41
117.087562,113.745634,200.44
111.895870,114.432538,198.25
114.816727,111.716268,201.54
118.869953,114.406063,197.79
115.263652,117.720333,201.51
109.208305,108.132617,207.88
115.333032,113.460897,204.98
119.208531,118.812350,199.02
119.811460,111.361683,197.11
121.617860,113.676860,199.68
113.670849,113.073570,200.57
121.357336,112.102638,197.53
120.782320,119.672935,195.60
110.496460,109.490222,205.13
113.351022,115.401413,208.29
120.828914,118.103913,199.69
109.923819,111.671797,202.61
107.186720,109.779346,202.30
109.956423,114.249806,200.67
107.088187,108.279126,199.82
120.719294,115.045836,196.74
126.399998,112.719749,206.62
113.798066,116.959819,202.40
115.664046,115.304946,199.86
113.141732,109.534018,204.08
119.722773,113.098998,197.03
117.142750,115.364412,201.68
117.401910,118.388559,189.70
123.645661,113.829234,192.74
112.069677,108.686393,203.54
111.953893,116.122404,207.60
111.495569,110.925330,202.19
114.329603,110.312668,204.47
120.506485,121.663223,191.50
103.751503,118.060783,202.53
112.984122,118.744536,193.66
109.043543,122.877023,201.61
106.309667,117.365850,207.12
118.726512,120.660860,197.39
111.008664,126.411541,203.45
116.023181,126.707671,196.67
111.653345,119.814349,204.58
110.886419,122.924452,202.72
114.715939,121.934098,198.00
110.417513,124.492518,200.38
118.379197,122.076944,196.12
112.082157,124.133625,199.34
124.586530,122.876568,201.47
118.995509,127.865737,198.70
107.344116,119.506031,203.41
108.297493,121.140356,201.08
120.410304,129.661289,189.44
116.976199,125.537837,194.23
115.528505,123.316416,197.89
118.225334,128.848368,193.02
113.093701,122.771720,198.51
111.230211,118.012657,210.39
114.185099,128.135430,197.63
114.501810,119.312841,204.93
113.821369,125.681886,202.60
119.295612,126.646098,200.62
122.631421,130.668333,196.99
122.691297,121.920591,203.64
111.556294,121.440285,201.77
113.058269,121.059545,200.48
116.828287,120.008913,209.67
105.693955,118.854708,202.07
116.862565,128.685888,200.20
108.949703,118.625360,199.44
109.454670,117.113190,199.02
119.256915,123.317243,196.93
106.187693,121.115966,202.34
121.636245,122.991295,192.11
113.996846,124.000324,198.98
104.267601,120.131702,200.72
116.629946,121.526410,192.30
109.282146,125.693156,209.04
117.070922,123.313614,192.94
108.083022,123.817006,200.03
112.403510,125.854935,206.30
118.350553,124.879618,193.72
115.285038,127.682643,195.71
115.357657,125.062715,199.53
109.854149,119.793416,199.54
106.684920,123.765602,196.71
114.932148,120.508874,201.47
110.010729,121.490652,201.95
112.798584,127.420758,196.73
110.830742,129.913103,198.69
127.959405,140.441284,13.89
109.338586,132.009381,199.12
122.198369,138.265163,16.51
109.670915,128.143225,210.71
129.545837,140.843489,11.13
132.939518,139.099592,8.70
113.103848,130.317778,201.77
124.653538,139.872181,5.53
106.578399,128.612858,200.90
135.338343,139.830410,8.09
133.526327,140.388284,9.91
116.374096,130.644370,191.14
131.375262,139.535994,8.37
112.084228,128.998200,203.91
129.716669,142.515510,8.18
137.111942,139.623504,8.65
110.816786,131.390374,195.36
124.831439,141.129324,19.23
131.385875,141.176559,5.90
125.999648,141.749143,14.23
115.311362,133.233375,195.44
107.953848,129.109695,204.48
121.641779,140.078985,20.39
122.606830,141.251425,16.72
108.956105,130.267476,201.54
126.822015,138.951152,13.97
123.244254,132.836205,194.79
113.026960,131.788820,198.72
118.005117,131.290465,203.89
120.445765,133.909695,190.41
130.005318,138.646432,9.84
123.697943,138.810640,14.09
121.112143,136.980377,128.45
120.288978,132.601381,198.76
128.466765,138.756243,8.68
105.512481,129.724426,205.70
125.408164,138.012311,15.37
119.732980,139.845422,32.08
116.315440,134.445788,195.37
107.358109,130.939847,200.90
119.724621,131.452661,199.35
115.630192,131.897228,196.68
137.346313,140.942364,10.28
118.412545,134.827364,191.88
111.450531,132.993489,196.93
132.177849,142.614423,6.30
113.544692,133.375118,194.88
127.557830,142.141798,8.11
114.872611,130.049994,191.72
134.231759,141.694659,9.18
117.841273,133.106267,193.37
93.487580,102.401500,199.04
99.081829,107.840559,198.87
102.852039,105.227703,201.04
89.701182,106.030365,185.70
104.963535,113.011049,190.05
91.567024,108.324224,186.10
105.218549,108.139108,206.74
106.107395,104.749371,204.73
99.498469,104.337537,195.82
98.010290,103.767677,199.52
98.478566,109.155737,196.28
104.768318,106.010565,203.65
90.833084,109.396820,182.27
100.708452,105.105060,199.76
91.574795,104.848771,190.93
91.382061,106.630327,188.03
110.629056,106.706253,214.59
95.840102,103.763833,193.14
102.390019,103.531746,204.37
95.016112,110.518697,185.98
101.139623,108.133799,200.09
108.036589,113.487099,199.60
97.156741,102.315874,201.52
97.065915,108.649260,200.95
93.254439,105.534482,190.09
93.916699,103.820356,188.45
90.074674,104.103029,186.88
107.697166,105.149756,200.97
94.877261,108.853079,196.79
86.210501,104.188379,182.14
104.400046,104.043946,199.00
96.580015,110.030197,190.85
86.321086,106.145809,181.46
108.893607,106.155584,205.38
96.113678,107.259067,195.36
95.128166,105.484881,193.19
101.726660,111.756933,199.62
101.796629,106.567709,199.94
104.768859,111.293114,205.75
103.331549,112.113298,201.93
91.679799,102.352766,188.93
94.303931,107.147951,192.10
102.004376,110.065650,199.95
89.360672,109.749630,179.16
99.841645,111.202235,204.40
88.770022,107.551682,185.98
93.122308,110.108326,196.02
92.926627,107.805914,188.58
103.039557,108.911815,202.49
96.966153,105.377790,195.04
103.552111,107.273085,199.92
98.115976,106.471598,198.16
100.210852,109.600359,201.10
107.051389,106.859499,201.74
99.939857,106.566497,200.91
87.151794,107.586473,183.95
106.587035,113.690759,208.77
97.851723,111.112726,191.92
104.813114,109.757759,205.55
100.341826,102.809993,191.72
87.891016,104.940007,185.88
96.137921,112.759014,197.59
84.987450,118.174806,182.81
85.904786,116.513450,182.94
103.509207,116.394566,200.94
95.340169,114.712222,199.55
93.528242,118.888034,190.08
99.023763,115.055973,199.81
99.086806,120.090892,208.35
99.647129,113.322732,194.22
104.951358,115.243893,208.05
105.256379,122.535381,202.91
94.528548,112.802501,195.42
95.462745,120.345381,194.32
107.145953,116.031617,201.00
91.369491,117.602766,193.10
93.365647,120.324198,186.94
96.619225,118.388737,198.16
91.422636,119.070739,185.35
86.216134,119.897681,179.53
101.707832,117.319038,202.79
88.287745,117.167762,185.11
84.135842,115.709563,183.43
85.564342,113.349756,184.67
85.855585,114.796997,183.20
93.299930,117.339233,195.32
103.047306,114.616408,191.64
82.527130,114.880955,181.36
89.917428,114.240412,188.81
86.950534,118.118740,179.01
88.505513,114.075869,185.97
97.749083,113.150570,202.66
92.110383,116.050182,190.47
101.392676,113.906536,204.65
97.155879,120.468914,199.11
97.898442,116.604712,199.70
97.240830,114.754542,192.99
82.291876,118.502418,175.27
102.188399,119.401669,204.21
104.339455,123.755543,206.74
87.741077,115.593316,184.44
89.721995,112.033611,180.62
100.829850,115.579259,204.21
98.823889,121.627924,195.81
102.212316,122.881038,208.52
98.302821,118.417402,202.82
100.325492,118.860370,200.73
90.710012,120.287577,175.23
89.962846,116.414215,191.32
83.120145,117.185011,180.14
88.353040,119.901604,177.67
99.773664,117.085021,202.15
81.234453,116.638595,178.12
94.040440,115.934099,194.17
95.023847,118.248150,195.76
93.033130,112.489902,190.86
91.488976,112.315713,179.90
93.340801,114.355615,192.24
87.541133,112.952289,186.15
102.912368,121.378271,206.19
100.791907,121.066915,199.76
91.340257,114.591389,193.42
89.401071,118.619678,187.92
96.051305,116.491457,197.91
94.710920,127.588536,359.74
106.396284,133.896340,26.38
76.853934,125.307544,178.95
101.125129,128.938089,16.75
100.839810,131.252714,21.58
92.453196,125.183882,192.71
116.627343,137.632710,20.38
100.279475,124.746343,209.72
87.741166,123.592135,183.81
78.933220,123.694348,181.57
115.832769,136.313522,19.71
96.087474,130.825336,19.91
92.150401,129.913466,349.50
114.138485,136.345468,24.64
101.839951,127.466367,204.29
91.978463,123.642939,195.03
101.866797,133.504330,30.41
110.369881,134.290907,23.57
96.552156,128.552125,3.36
106.521456,135.323646,36.68
119.533603,137.981584,22.99
93.754261,130.719218,13.24
91.346681,122.086509,195.57
101.771363,132.144738,23.59
97.752017,127.567888,6.84
97.736625,131.603959,11.95
107.543549,132.798161,22.84
114.924180,138.687938,27.33
108.523500,135.969540,30.00
105.441894,127.619309,196.57
103.560046,128.321710,210.05
104.664070,126.143904,194.78
113.156572,135.136893,26.97
109.023584,133.445895,27.10
84.548292,122.447818,183.13
89.941996,123.625819,185.94
99.388671,128.396478,10.96
79.471363,124.957230,176.90
95.447772,122.365471,207.34
97.316680,123.233175,195.51
101.938698,125.781177,210.79
107.278866,126.733959,202.23
86.221845,125.166314,185.13
90.127446,129.997678,358.65
94.909877,129.431724,4.28
104.880947,132.741620,24.29
94.782201,123.734129,197.37
106.319971,131.634490,26.37
85.702773,123.643743,180.78
98.916418,123.876274,204.19
82.671345,124.326025,180.56
98.117337,129.814249,11.47
104.780713,130.593894,22.60
88.299333,125.197657,183.93
118.294626,136.586442,24.71
96.383958,125.154174,204.53
89.174090,122.066387,179.27
81.093338,124.941579,180.54
93.425027,122.312496,188.45
103.517078,131.527382,18.77
111.226667,135.431910,21.23
86.897158,122.015475,188.78
112.785735,137.803675,14.67
90.306587,125.328019,191.95
110.937173,136.989328,29.63
94.442323,125.263024,198.11
84.155899,124.990975,181.81
103.669608,134.113243,29.68
117.362625,139.148794,16.23
102.723709,129.885165,20.71
87.985959,130.308756,2.08
97.981661,125.876370,218.19
99.923637,130.268451,16.50
99.288124,132.543567,23.33
99.708547,126.631305,209.45
76.285802,106.771445,148.97
84.964704,110.348489,183.37
81.656534,104.570250,175.79
82.629763,105.688718,181.41
79.696764,111.026189,167.93
75.914112,108.547889,151.23
83.513514,108.739742,180.09
75.969258,111.528185,157.91
82.754494,103.993290,184.06
81.495029,109.894851,175.01
78.727242,110.102084,164.46
80.644701,102.387657,180.01
85.009604,108.666775,183.07
81.600535,106.370880,178.58
75.464935,110.004750,154.47
80.572768,106.754724,168.07
79.369424,107.849295,167.36
74.412590,110.945164,157.31
84.932720,102.055734,185.97
79.127578,103.718829,129.37
76.995430,106.980313,141.21
80.929403,110.775098,173.67
83.181890,110.549750,174.02
77.402338,111.501477,144.28
81.749628,107.546180,179.39
78.006797,110.649519,159.63
78.122106,109.064320,163.16
78.761092,108.382221,158.78
72.925051,112.133473,151.09
86.520506,108.797881,178.82
80.083872,109.027536,175.22
76.974202,108.116728,141.21
79.529311,101.954486,182.66
84.296715,104.270834,179.00
80.487820,104.485660,173.35
82.316075,109.053692,184.55
88.003535,102.187600,184.92
86.292982,102.474277,184.60
82.035118,101.959961,189.93
78.186941,106.345982,146.75
89.670720,102.438032,184.67
76.728394,109.680987,146.06
77.421159,109.403268,156.28
78.190527,104.631745,134.51
74.035490,110.511669,152.93
79.162822,106.304515,160.55
79.340511,109.479211,167.79
83.295595,107.236762,180.37
84.591940,106.147518,179.72
80.302687,107.856828,171.92
78.014825,107.511193,152.98
75.498336,108.171030,137.86
79.899922,105.495205,167.04
83.477994,102.159856,188.66
87.138930,110.398502,164.72
76.271052,110.220873,155.68
80.957452,108.496760,175.90
74.680082,109.869829,151.30
77.202494,105.517119,156.40
79.910175,115.587386,181.39
74.663393,112.801590,180.07
76.164624,116.221697,175.47
84.563330,112.415008,169.18
76.760637,113.271296,170.33
72.247929,118.986323,143.49
73.196942,119.817734,167.30
74.999298,116.483581,174.06
74.280281,117.865873,169.88
76.964444,120.218385,180.19
73.642827,116.975265,162.53
70.066287,120.025821,157.81
79.137541,114.124958,179.32
78.387364,118.710978,186.21
81.652440,119.842411,173.45
76.861671,115.396659,179.70
74.325385,119.561408,171.84
69.677049,120.251467,162.53
71.503128,115.330003,149.77
71.162243,119.516951,142.94
70.325026,118.449768,139.62
82.742325,112.474494,174.15
70.918242,120.246480,139.06
70.895813,118.105218,138.74
78.694320,112.507296,184.95
74.963046,117.256603,180.06
77.347178,117.459421,180.18
73.267701,115.783935,160.23
72.872638,118.624537,169.90
78.477487,116.308186,178.23
76.149032,117.488906,179.91
74.957569,118.794434,178.27
84.003449,120.005727,184.77
75.156867,114.210079,178.35
74.364081,115.398190,171.37
77.556283,114.149743,174.63
71.724204,117.239985,139.90
71.873451,121.272779,149.97
76.043103,112.467560,166.37
78.360929,120.219436,182.49
70.863818,117.058906,160.13
73.682791,113.300912,161.70
80.715166,112.516591,175.94
74.443836,120.764159,152.63
73.744038,118.518548,155.60
75.696025,120.401114,180.03
80.131178,120.228719,179.29
72.349546,116.337622,143.72
69.451046,120.753679,153.98
73.033794,120.782798,153.67
72.745272,114.286676,149.56
72.532593,117.668599,155.45
79.813058,117.978202,181.81
81.180358,114.033540,178.00
76.228755,118.848443,177.25
71.719611,119.313357,160.43
