139.765167,68.551603,217.68
138.454721,69.168322,211.19
136.975836,68.923396,210.84
115.793520,62.129048,194.18
113.983583,61.219824,199.19
68.183105,82.175779,89.44
66.348528,81.666730,88.33
64.756693,80.962588,84.01
63.183555,80.447742,79.65
61.615393,80.435504,76.81
60.104224,80.588317,74.46
58.160382,80.488204,75.70
55.903623,79.590820,77.98
52.903181,77.739066,87.97
50.461002,74.413040,101.84
72.058821,83.753806,55.37
69.543445,83.320693,62.78
67.535849,82.979340,64.95
66.030074,82.756222,62.10
64.592824,82.328087,57.98
63.092841,82.046230,55.75
61.431723,82.135326,57.01
58.159542,81.589219,68.38
55.153302,79.760109,75.71
51.956090,76.537835,100.08
70.835422,84.644692,54.85
68.251307,84.446072,68.10
67.361839,84.394077,57.29
66.022730,84.051153,52.56
64.546245,83.916714,51.40
62.863566,83.474867,50.10
58.880337,82.044482,66.32
56.226854,80.485367,72.53
53.600204,78.389720,88.34
68.687440,84.493624,65.53
66.778918,84.234917,72.19
65.134669,83.917845,62.88
63.470302,83.605739,58.24
61.626260,83.023735,55.01
59.419297,82.243216,59.59
92.481651,84.743467,25.56
91.538387,84.735632,26.96
90.327034,84.664101,28.65
89.093490,84.682049,30.85
88.026625,84.673875,31.08
87.257757,84.761071,30.60
84.936439,84.431292,34.10
82.171187,84.354953,42.38
79.394868,83.968628,49.61
76.633521,83.734118,58.79
73.901042,83.868527,69.70
70.493986,82.781186,84.68
85.395980,84.745494,32.74
84.038922,84.887447,43.52
82.400688,84.811983,47.66
80.764954,84.812170,51.07
79.549121,84.893293,48.50
78.703785,85.022423,44.14
76.498014,84.842331,49.58
74.623412,84.809883,52.79
72.058821,83.753806,55.37
77.276958,84.842660,47.56
75.641771,84.994333,56.63
73.758176,84.810398,61.45
72.066826,84.882720,63.43
70.835422,84.644692,54.85
68.687440,84.493624,65.53
93.593674,83.497352,22.66
91.609560,83.323746,26.02
89.395957,83.317540,31.64
61.406480,78.350242,109.27
59.833765,78.840324,102.18
58.204917,78.953571,98.13
90.729590,59.687437,153.99
89.135820,58.315721,159.46
88.245613,56.825595,165.46
144.255879,66.582993,233.11
139.173509,64.034822,220.08
135.534264,64.282395,205.70
146.050536,69.431850,226.25
143.682481,68.555807,225.46
141.390585,68.552843,219.84
148.285573,70.265054,241.28
142.095366,66.603659,220.92
139.702898,66.032133,218.52
137.633954,66.246341,212.48
136.026591,66.721721,205.55
152.967177,75.651710,243.20
147.990290,71.448984,233.02
144.984737,71.089924,224.60
143.271619,70.997787,222.99
141.797895,71.308364,219.54
140.348394,71.143040,219.65
138.755796,71.319211,214.70
136.786626,71.218895,208.78
150.997603,74.641715,229.80
148.777933,73.402829,231.66
146.590426,73.277732,227.67
144.901798,73.629641,223.49
143.262442,73.675313,220.98
141.588381,73.581428,218.88
139.617350,73.292353,216.08
137.420703,72.904275,212.68
134.931288,72.693406,206.15
158.258600,82.339314,0.00
153.184043,76.536623,239.07
149.798860,76.104362,228.13
147.984379,75.912876,226.79
146.250735,75.956743,224.28
144.457393,75.826730,222.19
142.366070,75.611667,218.51
139.992588,75.087298,215.63
137.592550,74.599384,212.67
135.226865,74.312187,208.66
132.872588,74.328213,202.64
159.417620,83.884390,256.59
153.949868,78.230384,238.04
151.408702,78.131552,231.90
149.405967,78.351539,227.24
147.484722,78.181656,224.94
145.393304,77.966120,221.69
143.058255,77.532700,218.52
140.633095,76.997360,215.83
138.345239,76.541500,213.53
136.196456,76.205764,211.14
134.080540,76.019752,207.87
131.953588,76.125173,202.42
160.880012,85.820590,264.61
155.226902,80.435533,238.45
153.033577,80.372274,234.59
151.018986,80.382582,231.23
148.896405,80.310488,227.26
146.536065,80.005541,223.10
144.086064,79.576730,219.45
141.816363,79.190456,216.71
139.756619,78.833491,214.85
137.756083,78.487983,213.18
135.705727,78.122563,211.41
133.648644,77.915416,208.51
131.668782,78.027668,203.43
157.393617,83.735268,240.61
155.314289,82.591561,241.94
152.980861,82.481644,237.10
150.640219,82.287718,232.45
148.083732,81.977126,227.08
145.577940,81.660588,222.41
143.352480,81.405593,219.08
141.260480,81.130699,216.55
139.212392,80.727460,215.05
137.163906,80.357159,213.34
135.231907,80.055960,211.65
133.437170,79.925174,209.23
131.678918,79.986644,205.15
158.901369,85.779534,259.14
155.664571,84.694918,248.33
152.882601,84.398849,240.45
150.059354,84.003361,233.27
147.510210,83.649420,228.30
145.169204,83.467183,223.85
142.956967,83.242380,220.39
140.860307,82.992089,217.66
138.903910,82.645301,216.21
137.016991,82.288107,215.13
135.202573,82.057602,213.44
133.449189,81.914421,211.21
131.527165,81.867732,207.13
156.860194,86.794675,264.02
153.969151,86.246909,254.68
150.628241,85.809064,242.00
147.610250,85.437866,233.13
145.198778,85.304383,227.75
143.048595,85.109702,224.29
140.982363,84.871418,221.52
138.981375,84.575229,219.43
137.078326,84.148693,218.73
135.133748,83.850007,216.85
132.943521,83.614473,213.14
130.597802,83.522532,207.70
152.156798,87.556822,261.08
148.699252,87.073984,246.89
145.866104,87.131311,236.80
143.319781,86.979335,229.96
141.155316,86.625152,227.12
139.040681,86.249806,224.76
136.689754,85.750014,221.82
134.303044,85.297919,218.63
131.948537,85.054096,214.46
129.572710,85.114370,208.28
150.297254,88.980888,267.03
147.401874,88.787793,256.74
144.357543,88.581865,244.67
141.331062,88.324578,233.74
138.441148,87.731752,227.17
135.926858,87.171084,223.71
133.574005,86.767951,220.54
131.205848,86.624206,215.88
129.050310,86.778677,210.21
145.874064,90.288195,266.44
142.787810,89.767527,254.13
139.536742,89.251970,241.62
136.739410,88.812131,234.16
134.245696,88.388553,229.50
131.906414,88.115732,225.25
128.811359,88.470488,213.13
141.243281,91.156950,263.84
138.282661,90.849657,252.22
135.861940,90.545309,246.19
133.871303,90.199499,244.59
132.170116,89.942244,245.54
120.275166,54.341182,210.99
118.050501,53.278972,216.92
115.496727,52.064568,219.36
125.814200,62.081430,160.55
123.201632,60.824990,168.80
121.200207,58.696482,183.34
119.239061,56.773706,195.52
117.279920,55.454379,201.75
115.367589,54.607374,204.12
113.565943,53.848393,206.17
111.451268,53.271619,205.72
138.672444,63.479294,218.02
132.007757,62.855576,192.28
129.938254,64.004975,177.42
128.191219,64.963122,164.29
126.414702,65.515361,155.13
124.512823,65.212258,153.25
122.876439,63.950642,157.82
121.532251,62.157040,167.66
120.081598,60.291045,181.74
118.269246,58.772097,193.24
116.455703,57.693575,199.56
114.803957,56.917325,203.27
112.817188,56.357871,203.14
134.622114,67.511991,193.73
132.850440,67.800252,183.85
130.817316,68.736657,165.64
128.291940,69.618992,153.41
125.916536,69.830619,149.27
123.652021,69.437707,149.63
121.451665,68.394105,154.32
119.633645,66.764244,162.61
118.340040,64.962159,173.06
117.322342,63.307555,185.38
133.558029,65.011881,195.30
131.770936,65.917322,182.44
129.987625,66.863407,168.38
128.171994,67.641534,156.50
126.227790,67.942365,150.02
124.203411,67.577551,149.15
122.293851,66.561178,152.53
120.857502,64.996699,159.17
119.896150,63.343228,167.79
118.851628,61.777299,180.66
117.402950,60.637995,191.35
115.796882,59.705216,199.76
113.595953,59.075716,199.52
103.243372,49.669593,180.88
101.353815,50.901601,164.33
99.594698,51.840217,151.52
97.688383,51.017089,153.60
95.610381,50.160604,156.66
93.326184,48.868336,163.88
90.886411,47.160893,174.43
115.496727,52.064568,219.36
110.513853,50.447905,210.00
107.973156,50.475657,203.53
105.820233,51.085884,194.03
104.154805,52.338289,179.06
102.687427,53.560178,162.79
101.133542,54.454774,149.74
99.446248,55.019171,140.90
97.661330,54.391798,140.70
95.907725,53.249597,143.90
94.033109,51.716640,151.54
91.450750,50.103641,163.63
88.821532,48.718626,172.52
111.451268,53.271619,205.72
109.455583,53.142055,202.38
108.011951,53.352214,197.65
106.624519,53.953879,187.85
105.124914,54.658773,174.25
103.503971,55.722398,155.75
101.588091,56.749243,141.79
99.582694,57.232878,135.30
97.573795,56.927247,134.38
95.716606,55.974778,136.44
94.224185,54.311187,141.76
92.500342,52.380726,153.81
89.752521,50.925141,167.21
112.817188,56.357871,203.14
110.964262,55.981791,201.59
109.512539,55.675685,200.93
107.864165,56.041898,189.13
105.888711,56.664001,171.00
103.514515,57.777069,151.52
101.184404,58.761493,140.28
99.103339,59.121180,135.12
96.989991,58.829570,134.74
94.944186,58.027454,136.97
93.385422,56.567999,141.00
92.411879,54.698911,146.59
90.846978,52.933580,159.99
111.652748,60.515688,199.39
109.753326,59.946219,199.77
107.459532,59.987469,191.96
104.924674,60.602032,178.66
102.818643,61.531156,164.20
101.019700,62.280610,152.39
99.259646,62.668714,144.52
97.329568,62.533114,141.76
95.125514,61.986730,143.17
92.814905,61.022612,147.72
113.595953,59.075716,199.52
111.459969,58.382270,200.63
109.535342,58.038578,197.55
107.324990,58.195486,185.58
104.905170,58.869151,168.15
102.423350,59.946532,152.01
100.289265,60.688514,142.33
98.251140,60.812197,138.39
96.054142,60.425309,138.91
93.846009,59.590329,142.21
92.038735,58.291954,146.83
90.940274,56.684313,151.62
90.276813,55.108526,156.44
87.034419,47.766637,176.02
84.805825,47.388668,174.76
87.665667,45.976156,188.14
86.639106,50.009621,172.98
84.161155,49.644096,172.05
82.430376,48.862591,173.87
80.406378,48.499602,172.40
82.409274,46.879129,184.10
88.314984,51.838919,170.44
85.432712,51.551553,169.35
82.278611,51.076199,170.82
79.869613,50.661353,170.38
77.910161,50.284744,169.03
75.770253,50.131200,166.24
78.154625,47.994778,178.02
87.075925,55.832252,168.82
85.675966,55.222115,168.23
84.181738,54.667464,166.84
82.293086,54.181148,165.67
80.038556,53.897851,162.92
77.490021,53.890688,158.56
75.126565,54.320878,150.25
72.929025,54.923350,142.06
70.830551,55.332864,136.61
68.670015,54.285395,141.16
88.867891,54.013490,162.17
86.838405,53.216100,167.36
84.007830,52.629134,170.88
81.191940,52.523978,167.42
78.458392,52.392424,165.15
75.912658,52.358015,162.20
73.683799,52.336292,158.85
71.453554,52.129027,157.26
56.383766,58.029301,152.58
55.767927,59.914298,153.18
53.313957,59.068237,157.48
56.356832,56.141300,170.61
56.942567,61.327999,149.24
53.180114,61.423027,152.64
50.910187,60.750204,154.92
48.851927,59.829416,158.27
58.093100,62.619384,142.85
54.856376,62.420703,149.93
51.513029,63.087323,146.73
49.309651,63.496003,141.31
47.219778,62.373218,146.12
57.238714,64.505508,146.83
55.349445,64.176036,143.29
52.992115,64.336692,138.90
50.674821,65.414909,128.72
48.725377,66.140936,121.88
46.947571,64.632592,125.80
56.107916,66.698401,148.28
54.605078,66.285965,142.80
53.015385,66.510855,130.37
51.491576,67.346373,115.70
50.051677,68.295002,105.23
48.199726,68.171121,103.61
45.566031,64.918136,122.42
54.131794,70.936791,137.20
53.998522,68.899053,135.45
52.546372,69.687809,119.88
51.321113,70.093752,108.25
50.261556,70.758667,97.36
48.918778,69.924324,92.21
46.113238,66.267258,111.02
54.517756,73.590515,126.43
53.328354,73.315275,119.32
52.587907,72.103481,111.15
51.511525,72.661561,99.34
50.354420,72.517412,91.64
48.600547,71.199927,90.06
46.376633,66.795989,101.47
56.620797,78.464347,94.88
54.946960,77.929393,92.52
53.295829,76.920320,89.93
51.239546,75.378795,91.56
49.124994,72.063059,99.77
55.174762,76.178183,113.78
53.944020,75.563991,107.89
52.793118,74.975158,100.57
51.698996,74.340660,92.20
49.842451,73.427738,91.60
47.831317,69.624126,97.03
83.232125,57.466023,169.00
82.487473,56.236348,174.97
81.026066,56.761114,159.25
79.823988,55.917228,159.66
78.241866,55.682614,152.10
76.262239,55.849852,142.31
74.217882,56.637055,129.91
72.075960,57.638495,121.93
69.822833,57.905788,120.67
67.413271,56.540015,128.16
81.749252,59.521263,169.44
80.207674,59.788809,161.57
79.454055,58.450425,165.96
77.982002,59.183430,150.46
77.349435,57.628739,154.49
75.757307,58.293292,135.84
74.145938,59.038136,121.69
72.413518,59.938044,112.66
70.441313,60.340346,109.95
68.186502,59.679810,112.90
65.644884,58.356925,120.76
62.621178,56.766275,134.53
81.234689,61.974411,164.87
79.445859,61.985414,159.93
77.911680,61.882190,155.04
76.402745,62.752827,142.70
76.137000,60.599015,146.17
74.737490,61.834058,126.99
73.307854,62.003137,118.71
71.835996,62.475666,110.83
70.075642,62.462349,107.99
68.101810,61.929600,108.35
65.785683,60.577645,114.03
62.717716,58.912253,128.62
59.137024,57.142138,147.47
80.519775,64.165638,163.09
78.954609,64.383074,156.00
77.556435,64.682881,147.54
76.240459,65.131155,137.71
74.999185,64.853288,131.93
73.820930,64.475354,125.75
72.502340,64.583117,117.94
71.024991,64.535479,112.55
69.278899,64.418071,109.86
67.346789,63.901807,109.85
65.475207,62.448359,112.25
63.011994,60.499575,123.70
59.103730,59.126169,144.35
80.630892,66.365593,158.95
78.930616,66.698377,150.96
77.439058,67.152596,141.61
76.057158,67.620748,132.26
74.665574,67.651498,125.92
73.398782,67.044733,121.64
71.993651,66.680340,116.95
70.358291,66.495259,113.39
68.407089,66.280211,112.53
66.289091,65.666733,114.18
64.625701,64.121083,115.81
63.083469,62.072652,119.71
59.761772,60.566494,140.62
81.863039,68.087663,153.33
79.831266,68.525309,144.15
78.011152,69.236079,133.70
76.366664,69.919378,124.71
74.708285,70.120046,119.59
73.105010,69.578446,117.31
71.490324,68.883970,115.57
69.601119,68.427697,114.99
67.394901,67.990035,116.69
65.048608,67.200576,120.64
63.331385,65.679093,123.63
62.365111,63.660031,123.87
60.719071,61.892626,131.88
81.979306,70.078952,148.28
80.241615,70.498047,136.49
78.480459,71.303712,124.85
76.717127,72.094180,116.91
74.833317,72.311004,113.86
72.888662,71.827978,113.81
70.927750,70.976392,115.10
68.764687,70.221563,117.65
66.283637,69.526890,122.25
63.765958,68.546031,128.27
61.774456,67.162875,133.38
60.938402,65.232047,135.36
59.948762,63.575332,137.75
80.928222,73.127570,140.53
79.523828,73.404334,130.09
78.143325,74.043612,118.76
76.527865,74.408009,112.68
74.671094,74.380577,110.58
72.611922,73.801441,111.69
70.426728,72.736689,115.36
68.012339,71.722409,120.95
65.201435,70.883577,128.58
62.527090,69.841626,135.93
60.373877,68.653811,141.21
59.010389,67.207763,144.71
58.686596,65.452779,145.67
80.212817,76.846550,129.23
78.939314,76.375821,124.12
77.573716,76.623914,116.21
76.027603,76.608239,111.46
74.210065,76.418085,109.64
72.161916,75.669091,111.14
69.915711,74.291929,116.49
67.348045,73.027940,124.88
64.289913,72.158322,134.57
61.484611,71.294333,141.49
59.371576,70.342601,145.08
57.575736,69.527450,146.34
56.563985,68.251463,147.40
80.810570,79.461500,117.43
79.332914,79.115116,113.09
77.742637,78.885199,109.37
75.948038,78.762168,107.21
73.894356,78.462486,107.62
71.679890,77.586359,110.68
69.489550,75.910632,116.77
66.840179,74.346904,128.09
63.527228,73.534205,139.41
60.876051,73.000456,143.22
58.763529,72.352497,144.80
57.045133,71.784040,143.97
55.557407,71.305526,141.27
82.971410,81.519453,92.66
80.836711,81.398499,94.38
78.582124,81.035292,97.15
76.293442,80.768517,99.89
73.854257,80.402478,103.71
71.321877,79.558470,109.12
69.098280,77.851248,115.41
67.163999,76.025773,121.90
64.425792,74.929098,133.24
61.126573,74.800940,139.78
58.791705,74.640646,139.54
57.091649,74.378405,136.53
55.727917,73.967496,132.32
86.727549,83.457276,40.89
83.727263,83.432686,52.03
80.924766,83.358082,62.12
78.181870,83.301491,71.68
75.329815,83.139466,81.47
72.713793,82.458966,88.17
69.417034,81.599085,102.50
67.016111,80.510235,109.05
65.035790,79.207687,112.95
63.177382,78.327873,113.93
85.285266,82.808960,63.72
82.359192,82.729783,74.47
79.657198,82.435882,82.28
77.061547,82.261362,88.77
74.349843,82.039417,95.60
71.450057,81.330397,104.09
68.841460,79.954029,112.24
66.783080,78.133700,119.20
64.845929,76.737814,124.89
62.378878,76.244253,130.00
59.882085,76.659706,128.22
58.096922,76.948963,122.59
56.534585,76.687057,118.52
107.067659,61.883332,193.58
105.046252,62.415329,184.48
103.263700,63.211935,172.97
101.620635,64.015927,161.10
100.024166,64.668288,150.70
98.338368,64.884049,144.37
96.482968,64.419377,143.52
94.371366,63.670414,145.74
92.100855,62.580751,150.95
89.915630,61.222196,157.83
87.840706,59.814902,164.99
86.126765,58.624140,170.01
84.646084,57.840020,171.51
106.268003,64.035581,191.29
104.373301,64.705157,181.36
102.651608,65.620372,168.98
101.053220,66.510079,156.68
99.467087,67.164304,146.77
97.744886,67.132724,142.53
95.955222,66.386391,143.16
93.887161,65.371986,146.98
91.503754,64.141159,153.77
89.281553,62.884460,160.10
87.406774,61.647951,165.50
85.466998,60.675367,169.10
83.420813,60.054323,169.93
105.831529,66.280676,188.84
104.111583,67.034633,177.89
102.517543,67.991638,164.41
100.937502,68.912735,151.48
99.248869,69.493105,142.61
97.456659,69.352237,139.46
95.746489,68.461661,140.48
93.988939,67.201085,144.52
91.668184,65.799670,153.07
88.796607,64.540560,162.04
86.588033,63.468973,166.89
84.867913,62.654076,168.74
83.077478,62.199590,167.74
106.188209,68.508016,187.29
104.551787,69.146557,175.61
102.850147,70.104063,160.23
101.040701,71.076627,146.74
99.177790,71.636388,138.78
97.221262,71.490828,136.56
95.376803,70.628685,138.01
93.856169,69.193058,141.73
92.262454,67.516877,149.38
89.751098,66.156583,160.22
86.634106,65.310380,166.41
84.160003,64.693837,168.06
82.239777,64.289333,166.92
106.711184,70.663650,186.18
104.750875,71.285248,172.44
102.699835,72.312773,156.01
100.760438,73.288851,143.20
98.822691,73.707609,136.82
96.711487,73.439310,136.23
94.656648,72.584396,138.77
93.028276,71.162509,143.00
91.894052,69.487846,147.89
90.389799,67.934260,156.61
87.946528,66.794073,166.30
85.163380,66.449233,166.40
82.644646,66.281453,164.24
105.450051,73.201585,179.05
103.476718,74.094350,164.68
101.746505,75.078599,150.43
100.085176,75.783052,139.96
98.168602,75.748686,136.73
95.968902,75.318054,137.56
93.719017,74.334943,141.84
91.843792,72.888059,147.64
90.535655,71.300825,153.23
89.577698,69.828032,158.35
88.208209,68.727295,163.20
86.223781,68.122431,164.35
83.954005,67.857235,161.91
104.051244,76.207873,169.59
102.574103,77.188648,155.57
101.320886,78.266360,140.65
99.646945,78.316372,135.59
97.721470,77.977555,134.42
95.409113,77.414722,136.66
92.885947,76.164363,143.78
90.676472,74.515192,152.36
88.989688,72.985819,159.11
87.739417,71.661909,164.11
86.761365,70.384658,169.78
85.187902,70.277465,163.15
83.687585,69.915292,158.79
103.896651,79.382982,157.99
103.472849,80.828276,135.53
102.041107,81.111381,127.38
100.394141,80.589120,125.30
98.445572,80.227229,124.55
96.070296,79.750340,127.30
92.785720,78.462649,139.37
89.972568,76.490292,152.59
87.885385,74.921297,160.66
86.242883,73.830526,164.33
84.873807,73.046269,165.10
83.456531,72.967088,159.20
82.217485,72.287326,157.84
106.627420,82.664337,125.75
105.834829,83.535531,107.02
104.329285,82.859160,103.03
102.564199,82.650908,100.62
100.449842,82.135865,102.48
98.189091,81.586176,105.83
95.293946,80.977715,115.08
90.412293,78.876705,145.14
87.575565,77.279451,156.64
85.616740,76.439653,159.01
84.035310,76.110317,156.21
82.643280,76.054568,150.25
81.383596,76.316365,140.82
109.992626,84.919367,73.89
108.776832,84.172788,64.13
107.486980,84.545379,62.34
105.901670,84.873956,63.28
103.317607,83.945810,67.44
100.746749,83.268175,73.22
98.240510,82.818688,79.47
94.009038,81.263526,107.24
88.758165,79.761027,144.54
86.561622,79.356012,144.96
84.928766,79.179233,140.48
83.537793,79.317602,132.31
82.236026,79.681306,122.71
112.609365,87.142929,45.41
111.140885,86.833343,44.04
109.378692,86.500813,44.37
107.639115,86.234644,44.92
104.495931,84.851346,47.55
102.006973,84.051704,50.21
99.590732,83.709882,55.89
96.868560,82.611104,60.63
92.742940,81.200860,92.48
90.627462,80.958521,95.72
88.317987,81.179497,100.17
86.483365,81.343992,97.53
84.722996,81.439600,94.85
101.785758,85.359106,46.80
99.963216,85.001709,50.80
98.389111,84.865202,50.22
97.009343,84.842048,47.87
95.823470,84.782457,43.52
95.145643,84.705708,36.40
94.440583,84.621964,32.70
111.436043,88.249656,44.00
108.882217,87.280867,45.72
106.108958,86.346163,51.11
104.406791,85.837356,48.81
103.412826,85.559251,42.24
101.649330,85.306867,43.51
100.616316,85.066708,39.61
98.376723,84.268401,39.67
96.258279,83.454306,38.73
94.836190,82.779942,34.30
92.048234,82.181109,39.75
90.052674,82.269718,45.83
87.898731,82.602003,53.86
135.332662,69.482437,197.81
133.061723,69.779278,183.79
130.066806,70.578661,167.16
127.297000,71.264005,157.64
125.043100,71.424528,153.13
122.800342,70.995269,153.47
120.503193,69.905031,158.71
118.422822,68.172436,168.30
116.738934,66.174826,180.33
115.213574,64.411912,191.46
113.389163,63.133998,198.08
111.424710,62.316732,200.24
109.195355,61.901136,198.32
134.324183,71.217069,198.35
131.552498,71.457622,185.99
128.663377,72.235094,171.69
126.274536,72.886338,161.73
124.156679,73.023971,156.83
121.975746,72.558384,157.06
119.787202,71.479602,161.79
117.681664,69.797099,170.99
115.816727,67.833476,182.50
114.096788,66.112266,192.34
112.284705,64.874348,198.09
110.331029,64.099297,199.78
108.287204,63.866748,197.09
132.195473,72.862322,195.99
129.635570,73.410633,184.38
127.350053,74.125053,172.97
125.253815,74.668399,164.10
123.242652,74.759296,159.39
121.244379,74.258836,159.27
119.305359,73.199121,163.20
117.369171,71.612002,171.58
115.343240,69.718118,182.85
113.472105,68.050969,192.09
111.673577,66.853068,197.50
109.744757,66.139842,198.79
107.736918,65.963080,195.74
130.578216,74.702271,194.16
128.422541,75.360401,183.73
126.384875,76.076536,173.17
124.417218,76.574659,164.88
122.464128,76.626702,160.45
120.553387,76.084989,160.39
118.768158,75.023255,163.97
117.086109,73.517452,171.41
115.267629,71.770044,181.92
113.282300,70.188112,190.93
111.365055,69.046439,195.92
109.561321,68.387753,197.15
107.843037,68.225125,194.40
129.889396,76.564103,194.37
127.899023,77.238389,184.14
125.918303,77.966894,173.38
123.924933,78.491688,164.83
121.919502,78.568556,160.32
119.945086,78.063594,160.16
118.121399,77.006895,163.73
116.527641,75.526583,170.71
115.014370,73.896616,180.13
113.372200,72.489322,188.51
111.694075,71.496203,193.28
110.087619,70.843605,195.14
108.471382,70.555343,193.27
129.754234,78.442558,195.66
127.802359,79.063575,185.33
125.729193,79.804466,173.78
123.615960,80.376160,164.63
121.554444,80.566392,159.29
119.455873,80.175802,158.65
117.416104,79.131446,162.59
115.635680,77.584740,170.08
114.134201,75.916357,179.28
112.674172,74.522238,187.28
111.084525,73.520292,192.18
109.362014,72.917650,193.19
107.480357,72.794251,189.01
129.799612,80.313578,197.69
127.614710,80.895252,186.54
125.269965,81.660263,174.31
123.163688,82.305533,164.39
121.212436,82.733567,156.88
119.121645,82.503829,155.14
116.949474,81.524078,158.98
114.871662,79.876608,167.53
113.046980,78.016160,177.90
111.379540,76.500684,186.02
109.632084,75.498390,190.09
107.737620,75.124663,188.67
105.790795,75.420678,181.38
129.230528,82.146225,198.46
126.733362,82.790516,186.45
124.522091,83.701201,173.47
122.691755,84.614607,161.10
121.050744,85.435000,149.90
119.171190,85.217430,147.49
117.096034,84.417225,149.83
114.820092,82.750923,159.14
112.608297,80.705408,171.58
110.611487,79.024457,180.93
108.725772,77.984197,185.01
106.841377,77.760305,182.39
105.183680,78.372698,172.54
128.047924,83.988532,197.39
125.759591,85.004171,183.58
123.975851,86.255779,168.10
122.845901,87.595653,150.41
121.889196,88.675686,134.36
120.304018,87.903577,133.61
118.632709,87.426891,131.52
116.753056,86.428241,134.10
114.126356,84.521333,148.98
110.968243,82.323472,168.28
109.029450,81.343366,172.28
107.437988,80.845431,171.39
105.928025,81.220756,161.46
127.195031,86.080625,195.28
125.414327,87.609657,177.67
124.430693,89.281479,155.89
125.169973,91.185304,120.28
123.764670,91.287788,112.93
122.390259,90.498239,108.75
120.851542,89.974793,104.90
119.227169,89.314805,102.11
117.432792,88.354671,101.65
115.425154,86.886867,105.44
113.678609,85.907040,104.55
112.304427,84.979132,96.47
111.110951,84.270675,82.55
127.021883,88.409174,192.67
126.380616,90.453193,166.62
127.607292,92.318429,116.87
128.748573,93.454625,76.72
126.453678,93.291853,81.21
124.882559,92.986509,78.24
123.114517,92.541669,77.00
121.415514,91.755918,74.38
119.916185,90.812152,69.20
118.144719,90.031442,66.87
116.583243,89.327847,62.80
115.387244,88.541405,55.22
114.045238,87.651568,48.57
130.138420,89.125024,245.71
130.817478,90.763701,283.26
133.643279,92.274108,356.76
133.126395,95.385821,26.57
128.564640,95.976861,47.79
124.312596,94.378660,63.06
121.726606,93.146769,68.47
119.577779,92.124485,69.26
117.530965,91.069606,67.28
115.465900,90.104862,66.02
127.909227,90.762255,191.46
130.894496,92.391411,85.83
129.314149,91.495204,62.97
131.668053,94.006294,39.64
129.536732,94.805708,49.36
127.060068,95.244865,57.62
123.716887,94.104300,65.81
121.352300,93.067067,67.87
119.274162,92.001037,67.25
118.247313,91.381728,58.05
116.360512,90.508243,55.74
113.950331,89.303897,56.15
112.985873,88.948602,48.24
81.794062,126.799774,357.69,0
78.322752,129.584450,354.57,0
84.420549,121.749756,5.46,0
72.155233,126.709681,359.91,0
75.977229,125.744956,0.17,0
71.125510,123.832487,3.25,0
76.023004,130.591168,353.96,0
69.495026,125.866245,1.09,0
78.418665,122.454437,4.45,0
80.619377,125.457206,0.04,0
71.998750,129.396558,356.70,0
73.812465,127.663667,358.40,0
75.539087,123.108988,3.75,0
70.773628,126.616406,0.01,0
73.082774,124.029279,2.80,0
82.654729,128.336148,354.94,0
67.905717,128.794396,358.16,0
82.595797,125.494450,359.52,0
77.823825,125.081517,0.74,0
73.897009,125.959933,0.26,0
74.645658,130.333815,354.77,0
71.222304,121.947286,5.53,0
69.534763,124.183486,3.02,0
75.499436,121.615496,5.87,0
76.380650,129.619045,355.17,0
76.622599,124.224528,2.11,0
79.002294,125.183235,0.49,0
86.236982,122.455296,3.99,0
68.463724,124.612760,2.71,0
79.621750,129.429866,354.49,0
71.135734,130.079078,356.09,0
74.618109,128.921676,356.61,0
78.727168,127.584853,357.38,0
66.975001,129.597001,357.57,0
72.649248,122.571361,4.67,0
76.615623,121.714372,5.68,0
81.642787,123.911530,2.09,0
74.194617,122.006489,5.34,0
70.608172,128.321366,358.30,0
77.673379,123.594459,2.86,0
74.489732,125.075457,1.29,0
77.416857,128.806957,355.95,0
80.168119,123.527783,2.85,0
73.239320,130.247880,355.31,0
80.164941,127.093016,357.72,0
70.138074,122.901672,4.44,0
77.600887,126.498862,359.11,0
69.671006,129.843721,356.73,0
79.561034,122.450170,4.48,0
71.860012,125.291972,1.40,0
85.210723,123.696213,1.91,0
69.113212,127.829606,358.95,0
68.216215,126.280506,0.86,0
80.842715,128.617840,355.23,0
74.135358,123.525135,3.33,0
76.493580,127.509361,357.98,0
75.421874,127.454821,358.31,0
72.828309,128.601286,357.47,0
83.479776,124.081792,1.63,0
82.625983,122.709965,3.92,0
132.013738,120.643381,173.42,0
142.533554,119.435275,171.53,0
135.817056,122.608742,179.72,0
136.704527,115.152743,157.94,0
137.450355,120.853803,174.50,0
134.577075,115.497959,157.41,0
138.604566,119.922157,171.96,0
145.909053,122.082260,177.49,0
140.756629,115.718918,161.49,0
146.304315,114.889341,162.30,0
143.625031,118.674409,169.82,0
140.528219,117.535835,165.78,0
143.690301,117.049355,165.84,0
141.356175,122.114552,178.00,0
141.546001,118.177549,167.71,0
132.964279,115.575746,156.46,0
143.624874,114.738380,160.88,0
141.888514,116.612865,164.12,0
135.976959,114.257435,155.02,0
143.330436,121.498284,176.40,0
137.953822,115.373996,159.26,0
132.923656,117.709682,163.38,0
136.546877,119.253737,169.67,0
131.257052,118.522470,165.51,0
144.543837,121.728656,176.84,0
135.367586,120.188472,172.33,0
136.101746,121.459611,176.23,0
140.604212,122.740263,179.63,0
133.640319,119.421426,169.36,0
144.512009,119.985622,172.87,0
139.236904,118.106866,166.86,0
139.231882,116.379366,162.44,0
134.440229,114.144644,153.45,0
146.255230,117.086644,166.81,0
137.819299,116.998094,163.45,0
137.774658,122.549083,179.24,0
141.728734,120.709337,174.54,0
134.987136,118.406315,166.47,0
145.064914,115.991436,164.26,0
139.227525,123.089274,180.43,0
145.201245,118.139727,168.89,0
137.750179,118.534462,167.61,0
142.805114,115.652513,162.48,0
134.815550,116.984196,161.97,0
138.986020,121.628813,176.59,0
133.801162,121.153281,175.39,0
140.346987,121.040156,175.14,0
146.493136,118.784893,170.39,0
140.128094,119.425727,170.82,0
146.005071,120.574978,174.17,0
132.619026,122.347765,179.60,0
139.565397,114.904780,159.00,0
142.664594,122.131300,177.91,0
136.318236,117.163235,163.22,0
144.044952,126.590636,186.99,0
135.082191,130.469507,203.57,0
136.469653,127.105307,192.30,0
139.871266,132.104522,202.91,0
132.498033,132.068400,211.44,0
131.551650,126.155506,193.57,0
145.738176,126.538241,186.47,0
147.548596,132.645562,198.07,0
145.751566,132.806193,199.57,0
137.572932,128.430708,195.12,0
129.750030,125.935879,194.65,0
133.287540,126.854311,194.14,0
133.975447,128.852889,200.16,0
147.566574,130.802022,194.29,0
141.471109,129.546325,195.75,0
143.048135,131.884192,199.74,0
138.630036,133.068377,206.23,0
132.816297,129.986171,204.99,0
141.739053,132.985027,203.07,0
143.771529,128.457330,191.22,0
134.314102,124.927970,187.22,0
129.692297,130.627953,211.65,0
136.700068,125.046368,186.32,0
147.440740,129.172121,191.16,0
142.244702,125.664492,185.66,0
139.083967,124.858223,184.80,0
144.629604,131.865210,198.52,0
132.069543,128.109680,199.75,0
136.400901,131.384690,204.52,0
147.585469,125.795352,184.37,0
137.913416,126.206859,188.87,0
134.877102,126.830114,192.72,0
131.333597,130.540932,208.82,0
145.478044,129.368834,192.52,0
134.108784,131.587215,207.83,0
139.670888,126.218944,188.11,0
138.170289,130.658070,201.11,0
139.428410,129.064678,196.08,0
130.488903,128.478363,203.09,0
143.715074,130.155981,195.61,0
135.981606,132.836684,208.58,0
143.008105,124.492109,182.89,0
144.913757,124.602195,182.55,0
132.967105,124.852907,187.78,0
138.952910,127.535750,191.86,0
141.488353,131.319664,199.75,0
129.141641,127.505524,201.52,0
129.998100,124.289215,187.90,0
142.347033,127.797658,190.49,0
135.554341,124.697592,185.87,0
139.883498,130.481870,199.15,0
140.887751,127.689055,191.05,0
137.433197,132.592206,206.51,0
135.496903,128.570256,197.34,0
129.497317,132.223588,217.01,0
133.912901,133.059085,211.84,0
136.725833,129.725397,199.83,0
147.444817,127.543459,187.92,0
140.913308,125.550777,185.93,0
138.453198,138.274479,216.77,0
129.345998,133.734679,221.12,0
146.312755,141.708009,214.43,0
137.749754,134.455705,209.89,0
132.124755,139.484247,229.25,0
133.170179,135.880675,219.52,0
140.898863,136.382809,210.21,0
138.512648,140.296303,220.89,0
143.386052,135.565545,206.21,0
144.960053,138.224390,209.56,0
131.808249,134.019995,217.36,0
148.752873,139.028011,207.79,0
134.840289,141.791882,228.74,0
142.483817,137.385350,210.47,0
131.016184,135.698402,222.84,0
133.999270,140.693058,228.22,0
148.542155,142.585091,213.64,0
145.086966,140.097913,213.08,0
149.175254,140.278579,209.48,0
140.696281,142.697304,222.06,0
147.408256,136.508813,204.57,0
143.013059,141.357982,217.27,0
140.135880,140.772222,219.64,0
133.046448,137.758387,223.87,0
131.291072,137.571744,226.83,0
139.467577,136.680358,212.40,0
144.689785,141.938602,216.40,0
141.950349,135.434016,207.30,0
134.383108,138.873356,224.21,0
136.041391,142.365858,227.83,0
141.245046,138.423176,213.71,0
137.266946,137.510989,216.81,0
131.197613,141.301558,234.23,0
132.698049,141.399019,231.69,0
136.843963,140.352418,223.28,0
143.612356,138.532255,211.40,0
145.171220,135.194762,203.99,0
134.770633,136.069774,217.35,0
138.263053,135.933111,212.30,0
139.257026,142.668617,223.83,0
139.833593,138.908454,216.25,0
146.833204,139.614045,210.26,0
137.884259,142.072760,224.73,0
141.556030,140.480589,217.46,0
147.765594,141.136014,211.89,0
146.371651,137.583363,207.24,0
144.486800,136.606345,207.12,0
129.895428,138.171894,230.74,0
135.829607,137.024329,217.78,0
147.071859,135.140543,202.39,0
142.927594,139.807785,214.80,0
148.773527,136.342985,203.37,0
148.012552,137.959729,206.58,0
136.040620,138.983602,221.92,0
143.190613,142.852765,219.38,0
136.397885,135.043035,212.77,0
128.389832,118.706635,164.93,0
120.217988,118.595032,154.51,0
120.242482,111.625672,117.31,0
115.660555,114.926485,106.64,0
114.145194,115.781629,97.91,0
122.290689,112.517350,127.31,0
126.902893,113.756997,142.89,0
123.422274,113.029893,132.48,0
123.566393,111.589842,127.73,0
121.027070,116.759845,143.81,0
128.217090,114.066986,146.18,0
125.079280,115.137223,145.02,0
116.561921,110.211244,98.47,0
126.600868,115.581718,149.56,0
118.126046,113.854935,116.55,0
118.436599,110.399618,106.83,0
117.710610,116.884682,131.48,0
122.059880,117.703654,152.28,0
117.496689,115.271746,119.99,0
123.401875,119.419003,165.05,0
127.177490,119.085110,165.95,0
121.878891,115.518719,139.26,0
129.467222,120.986158,175.00,0
127.735936,120.842438,174.39,0
122.030996,111.261878,122.19,0
124.906571,120.981437,175.02,0
125.736987,116.968824,154.47,0
119.368782,116.896206,139.15,0
124.023178,115.349879,143.80,0
127.398140,117.142945,157.29,0
117.947934,118.778127,149.38,0
117.506008,112.522246,108.61,0
123.530346,117.279638,152.60,0
122.236910,119.856081,166.95,0
124.709231,112.869111,135.10,0
129.943570,116.655384,157.80,0
122.703450,116.462622,146.43,0
125.863091,113.525489,140.06,0
123.690333,120.485105,171.89,0
119.574705,113.748297,122.63,0
118.882149,118.377988,148.95,0
126.070617,119.979679,169.84,0
119.221236,115.544153,130.03,0
115.955742,113.375080,102.94,0
115.866734,116.480096,116.49,0
116.186357,111.558671,99.45,0
129.048517,117.551620,160.54,0
129.420395,114.233846,148.47,0
116.727904,118.167345,137.01,0
124.496542,118.495063,160.72,0
120.914754,113.007003,124.68,0
128.439380,115.769574,152.84,0
125.652657,118.746965,163.19,0
121.326751,119.059395,160.18,0
130.640794,115.410774,153.96,0
118.898371,111.661219,112.18,0
115.413710,117.930971,124.58,0
120.693546,114.677926,131.21,0
122.801601,114.168022,135.45,0
123.809814,122.335023,183.21,0
112.678614,121.764078,238.42,0
117.013644,119.724178,156.79,0
117.533472,126.240836,231.64,0
114.069711,121.340798,187.26,0
121.748657,121.607479,179.43,0
114.312315,127.844914,264.28,0
122.982441,128.791314,220.79,0
119.436974,123.374037,197.67,0
119.799648,126.656711,222.01,0
123.264659,124.711280,198.23,0
118.513611,127.500456,233.20,0
124.452671,123.832542,191.26,0
121.245291,127.350051,219.96,0
128.142235,124.274982,189.68,0
125.691076,130.132367,218.50,0
116.539721,123.486989,212.06,0
117.564579,124.713409,219.44,0
124.002707,130.258831,223.45,0
125.684518,127.746727,208.80,0
124.337953,126.159726,203.90,0
121.972334,129.715103,227.95,0
121.952058,125.737914,207.55,0
115.356090,120.431875,162.42,0
117.794913,129.282402,244.96,0
118.360801,121.106337,175.92,0
120.675709,128.535683,227.96,0
127.254172,129.640463,212.92,0
125.804024,131.637500,223.05,0
125.495473,123.148051,186.48,0
120.562005,125.037660,207.36,0
121.828296,124.334391,198.94,0
119.918651,121.769373,181.88,0
115.240080,122.724386,211.80,0
120.727651,130.107788,234.13,0
116.667291,121.348643,180.16,0
114.356239,118.802445,123.34,0
128.007187,125.981032,197.15,0
115.481583,124.936192,237.74,0
126.761975,124.091063,189.92,0
123.016879,127.102381,212.85,0
113.881528,123.768712,246.86,0
122.598980,122.828288,187.43,0
112.928956,127.717569,275.91,0
125.734054,125.303550,197.05,0
115.743822,126.609768,247.34,0
116.988691,128.120749,245.33,0
126.920427,126.971365,203.08,0
119.208818,128.786235,235.68,0
124.315510,128.239907,214.57,0
118.078678,122.712450,195.10,0
113.982182,125.955956,261.00,0
120.945804,122.874310,190.06,0
118.865197,125.059287,214.35,0
115.821759,128.329697,254.03,0
117.367957,132.124556,255.27,0
120.386623,138.568939,255.66,0
118.231192,135.091471,257.46,0
114.347911,135.938106,274.51,0
113.571973,130.460144,274.01,0
123.002091,139.556200,249.54,0
123.243445,137.616349,245.44,0
119.246934,132.770675,248.24,0
119.335985,139.357404,260.01,0
114.704589,131.716205,268.80,0
125.777111,138.471713,240.07,0
124.510165,138.813402,244.23,0
119.194361,131.199695,244.06,0
121.842030,138.133219,250.51,0
116.426835,130.923387,257.35,0
126.716206,142.084450,244.37,0
127.188170,138.113243,236.03,0
119.899587,133.885961,248.34,0
121.371154,139.922559,254.66,0
124.618996,140.476942,246.80,0
122.539758,140.871886,252.75,0
124.256462,135.703187,238.13,0
115.644912,132.611724,265.13,0
117.823987,138.659992,264.08,0
119.934872,140.448938,259.49,0
117.630077,133.691944,257.40,0
117.532355,136.639530,262.70,0
126.749980,133.761486,226.51,0
121.326044,134.601482,244.76,0
121.109034,132.665352,240.48,0
127.252604,135.159822,229.13,0
120.243483,136.953345,253.56,0
115.745880,136.814742,269.69,0
121.699649,136.240329,247.16,0
124.257693,133.949055,233.64,0
118.910982,137.297213,258.65,0
114.526638,134.062381,272.33,0
116.509732,135.565483,265.35,0
116.712950,137.952568,267.17,0
125.192991,136.886021,238.23,0
115.899447,134.200661,266.20,0
123.129810,132.648672,233.43,0
122.496002,133.954746,239.13,0
127.893142,139.227980,236.72,0
127.124087,136.660346,233.03,0
119.601671,135.474414,252.90,0
128.456177,142.203648,240.86,0
122.779978,135.828682,242.83,0
124.994606,141.776598,247.85,0
118.087735,130.716990,247.92,0
127.026904,140.529780,241.20,0
125.724077,134.980136,232.27,0
98.460698,104.117885,42.93,0
107.802818,110.821047,56.97,0
109.800924,107.900777,68.14,0
98.934579,106.951637,39.56,0
108.518094,113.640821,54.46,0
100.111280,109.236739,37.62,0
113.463348,112.293510,85.53,0
108.800348,105.989691,65.93,0
106.665563,106.368132,58.93,0
104.574784,106.094871,53.37,0
105.867807,111.314308,48.52,0
111.864244,109.117798,76.12,0
97.313264,109.654018,31.78,0
108.251390,107.814906,62.55,0
100.833052,106.637389,43.69,0
101.343658,108.035045,42.53,0
113.437458,108.642702,82.83,0
103.232893,105.489811,50.81,0
105.773908,105.064872,57.80,0
98.750013,110.909903,31.46,0
110.252496,111.467308,67.30,0
112.986657,115.249748,85.73,0
100.911214,103.796135,47.96,0
104.235219,111.394765,42.96,0
103.150872,107.295836,47.94,0
101.777543,104.987796,48.18,0
99.729462,105.268637,43.60,0
111.139777,106.469251,73.66,0
101.336177,110.801387,36.83,0
94.973293,104.515982,36.91,0
107.606286,105.148245,62.90,0
102.670271,111.197642,39.08,0
95.631171,106.382751,35.11,0
111.938473,107.600124,76.48,0
105.301500,109.783741,49.77,0
104.999166,107.798962,52.12,0
105.032940,112.935600,41.38,0
110.576646,109.753768,70.19,0
110.998300,114.297593,69.08,0
107.105382,113.632376,47.44,0
97.035731,103.194771,41.81,0
103.860042,109.196315,46.61,0
109.865732,112.919783,63.55,0
94.540310,109.674073,27.82,0
103.159380,112.706992,36.33,0
98.581748,108.580268,36.01,0
96.124685,110.970443,27.24,0
102.377121,109.232550,42.67,0
111.794870,112.536220,75.39,0
106.563721,107.956303,56.68,0
112.672292,110.577486,80.06,0
107.125071,109.426360,56.50,0
107.132649,112.271112,51.22,0
114.579383,109.862024,88.86,0
108.931083,110.002573,62.78,0
96.054397,108.200632,32.68,0
109.568818,115.328048,56.22,0
100.185421,111.605260,32.45,0
113.300132,113.814336,86.21,0
103.134925,103.389306,53.18,0
97.390297,105.918669,38.61,0
100.732066,114.215302,25.81,0
93.879046,118.610556,6.40,0
95.549355,117.008365,11.61,0
110.559981,119.092839,43.93,0
104.190418,117.854140,17.91,0
101.177612,120.248142,3.72,0
106.540632,117.763578,25.20,0
103.788796,122.628242,351.16,0
103.329496,114.255938,31.65,0
108.345381,117.052380,39.21,0
111.492207,125.170519,290.95,0
99.236260,114.100908,23.54,0
98.981067,121.243507,359.18,0
109.959551,117.111754,52.10,0
99.972496,119.605059,5.87,0
96.871004,120.751169,0.78,0
105.269396,121.226397,359.19,0
98.132259,119.699571,4.69,0
90.844181,119.859781,2.57,0
111.073766,121.253344,348.55,0
98.088994,118.043969,10.32,0
93.998811,116.301406,12.06,0
93.487776,113.997010,17.23,0
95.428503,115.332501,15.37,0
102.484424,119.855440,6.23,0
106.322466,115.291138,37.74,0
91.997334,115.105434,13.55,0
99.191744,115.677077,18.48,0
96.406785,117.954926,9.47,0
97.166880,114.981723,18.09,0
101.956149,114.907369,25.90,0
101.242467,117.736954,13.65,0
104.371349,115.273221,30.69,0
100.948522,121.783164,356.83,0
106.497845,119.683587,10.91,0
105.252720,116.602939,27.32,0
91.333583,117.754918,7.28,0
110.942419,123.338163,306.17,0
107.101566,125.147069,332.48,0
97.745422,116.370697,14.60,0
93.352320,112.072756,21.28,0
108.317337,118.946443,23.88,0
102.507962,122.670980,358.68,0
104.238389,123.982044,349.18,0
107.316903,122.209398,349.11,0
109.216453,122.224609,341.16,0
94.861849,119.941076,2.98,0
99.375592,118.298228,10.44,0
92.801460,117.209350,9.14,0
92.411659,119.736532,3.08,0
108.424303,120.607058,5.48,0
90.407187,116.336870,10.06,0
102.703957,118.121617,13.94,0
103.669784,120.688024,2.40,0
97.821835,113.408521,23.41,0
95.351476,112.309292,23.02,0
102.572242,116.357758,21.53,0
95.461054,113.806024,19.35,0
108.768873,124.258263,323.64,0
105.853285,122.885332,346.66,0
100.211807,116.707909,16.30,0
96.137096,119.556334,4.46,0
104.831711,119.329981,10.59,0
86.259188,127.627441,354.28,0
99.530444,130.491806,334.78,0
86.664873,125.128501,358.67,0
92.250591,126.267046,353.96,0
93.461461,128.334958,348.32,0
101.736075,127.277465,339.84,0
109.268234,134.898902,295.57,0
104.071252,126.910513,335.29,0
95.604386,124.116183,357.32,0
87.743426,123.935520,0.59,0
107.489763,133.324764,304.53,0
91.998479,129.344039,347.39,0
88.875777,130.520642,347.59,0
106.014151,132.618438,311.47,0
110.622877,131.429792,291.85,0
99.536926,125.672071,349.16,0
98.117980,131.303633,335.36,0
101.633844,130.479748,330.21,0
87.577830,128.025079,353.07,0
101.873912,131.861503,326.08,0
110.769136,134.263074,289.56,0
90.642261,129.987251,347.23,0
94.663864,123.010779,0.78,0
95.542700,129.424619,343.61,0
88.487620,126.456619,355.35,0
95.186853,131.064523,340.28,0
98.605121,129.033843,340.33,0
111.453049,136.893813,286.11,0
104.461122,133.623841,314.86,0
111.282565,129.357171,289.12,0
111.752582,133.060950,285.23,0
108.597914,127.181446,313.02,0
105.141379,131.057861,318.11,0
100.353740,129.009313,337.24,0
89.201725,122.701971,2.76,0
97.138375,124.375141,355.65,0
90.353573,126.646528,354.25,0
89.205292,124.429327,359.10,0
98.706022,124.050198,355.59,0
101.113090,124.286900,352.40,0
108.923475,129.942833,303.44,0
110.275654,127.958874,298.38,0
95.873805,126.032163,351.81,0
87.070066,130.069515,349.68,0
88.867292,128.979241,350.51,0
96.887166,129.134192,342.61,0
101.231840,125.751390,346.42,0
97.958930,127.489677,345.64,0
93.129810,123.744251,359.35,0
102.850673,125.643360,343.80,0
91.935053,124.417330,358.16,0
90.188955,128.205611,351.14,0
96.432051,127.119126,348.48,0
97.851292,125.854091,350.50,0
109.185165,132.393910,298.34,0
105.025062,129.096851,324.04,0
92.727967,122.021337,3.83,0
90.569242,125.031352,357.36,0
96.520701,122.772144,0.93,0
94.615883,128.501633,346.85,0
103.178731,132.305324,321.50,0
90.963715,122.643565,2.57,0
109.725574,137.002685,292.47,0
99.915933,127.361721,343.00,0
107.695067,135.145164,301.40,0
103.224389,128.135984,333.14,0
94.257250,125.310517,354.85,0
99.944632,131.990106,330.25,0
112.759803,137.808742,281.24,0
93.676053,126.464645,352.56,0
84.115161,130.168320,351.25,0
102.222705,129.212984,332.39,0
92.003495,127.922954,350.43,0
96.713266,131.433325,337.33,0
107.561342,131.065645,308.13,0
77.682633,105.930988,19.92,0
87.345832,110.488747,19.23,0
89.579083,103.987214,30.87,0
90.885002,105.891363,29.59,0
81.853919,110.564722,15.95,0
80.744967,105.895515,21.70,0
89.788165,108.749820,24.16,0
78.433948,110.528107,14.64,0
91.238225,104.596030,31.84,0
84.710408,109.614261,18.94,0
83.444644,108.790714,19.38,0
84.018996,102.388420,27.98,0
90.858398,108.980381,24.69,0
89.228848,106.181641,27.48,0
80.889518,107.413874,19.92,0
88.318457,105.117713,28.10,0
86.646224,106.217829,25.28,0
78.951059,109.047309,16.84,0
88.729045,102.452818,32.05,0
80.715144,101.783758,26.39,0
78.858043,105.483509,21.09,0
83.408385,110.500311,16.84,0
86.101760,110.243724,18.80,0
80.518053,109.260984,17.30,0
90.508121,107.452837,26.81,0
81.963265,109.180406,18.16,0
85.255609,106.905411,23.24,0
85.807413,105.646941,25.21,0
76.485378,110.166965,14.38,0
92.151807,108.681968,26.58,0
86.566758,108.485016,21.89,0
81.727679,104.296225,24.12,0
81.947182,102.066793,26.92,0
92.730680,104.124018,34.29,0
87.769397,103.636734,29.59,0
87.870937,109.495327,21.29,0
91.512851,102.489904,34.99,0
90.133370,102.783375,33.05,0
85.217330,102.516929,28.74,0
82.754759,103.350952,25.98,0
92.897645,102.701866,36.41,0
82.722445,105.647240,23.01,0
83.732776,106.630471,22.54,0
79.933870,102.858320,24.73,0
77.290157,108.848358,16.29,0
85.125105,104.199365,26.56,0
85.597836,108.125623,21.74,0
92.320522,107.295540,29.06,0
92.894588,106.106805,31.63,0
88.207613,106.734030,25.85,0
83.876809,104.521695,25.25,0
76.821906,106.973583,18.28,0
86.678029,103.934810,28.21,0
86.513039,102.621857,29.73,0
89.093058,109.864742,21.65,0
82.475635,107.416343,20.74,0
88.423813,107.961395,24.20,0
79.268629,107.357757,19.05,0
80.135391,104.235513,23.31,0
89.395768,115.817805,10.70,0
79.396147,112.806999,11.62,0
84.277496,115.578532,9.07,0
88.249594,111.710452,17.66,0
80.874462,112.570631,12.51,0
77.074031,115.413425,7.36,0
78.525260,118.617103,3.52,0
82.666357,115.686286,8.41,0
81.431977,116.589965,6.95,0
79.738823,120.227453,1.17,0
80.399690,114.849060,8.97,0
74.843619,118.076782,3.89,0
87.368817,114.027038,12.96,0
84.167929,119.340328,2.95,0
85.747463,119.372559,3.10,0
85.860119,115.349978,10.14,0
79.711050,118.788713,3.38,0
73.205501,119.140778,2.41,0
72.624258,114.676791,7.57,0
76.129789,115.765454,6.85,0
71.605747,117.360412,4.26,0
86.347560,112.105390,15.77,0
75.132720,116.590871,5.61,0
73.737282,115.612130,6.62,0
82.303890,112.819651,12.66,0
83.384122,117.265313,6.32,0
86.502689,117.488854,6.58,0
78.798581,113.796175,10.02,0
80.182711,117.322012,5.63,0
87.676121,116.023779,9.61,0
84.937393,117.475807,6.32,0
81.198617,118.606208,3.80,0
86.708152,120.231373,1.52,0
83.652576,113.965527,11.44,0
81.760480,114.275189,10.25,0
85.446768,113.407593,13.12,0
74.831628,114.623219,8.07,0
74.823285,119.567576,1.93,0
79.342112,111.667618,13.30,0
81.142036,120.340551,1.06,0
72.513208,116.462721,5.42,0
77.529133,112.029201,12.09,0
84.217145,112.267793,14.39,0
77.267692,119.302288,2.44,0
79.071687,116.102335,6.83,0
78.053639,120.402323,0.82,0
82.673159,120.197278,1.35,0
75.930931,113.708462,9.34,0
71.891927,119.562300,1.80,0
76.132476,119.249224,2.44,0
75.756612,112.517089,10.86,0
78.481828,114.951711,8.32,0
87.864664,118.232320,5.50,0
89.455914,113.745126,14.75,0
82.501014,118.547530,4.07,0
77.470602,117.269292,5.29,0
