144.4986886784263902,72.2069479378626227,0
142.5743545922987607,71.6620274620432838,0
140.6500205061711029,71.1171069862240017,0
120.0272660345858355,63.1986476660845327,0
118.1029319484581919,62.6537271902651938,0
68.1386953921794998,77.6061539280275383,0
66.214361306051785,77.0612334522082847,0
64.290027219924184,76.5163129763889174,0
62.3656931337964977,75.9713925005696495,0
60.4413590476688114,75.4264720247503249,0
58.5170249615411819,74.8815515489309576,0
56.5926908754135241,74.3366310731117039,0
54.6683567892858662,73.7917105972923792,0
52.7440227031581941,73.2467901214730688,0
50.8196886170305362,72.7018696456537725,0
69.5181090024878472,80.0754084899745919,0
67.5937749163601893,79.5304880141551962,0
65.6694408302325314,78.9855675383359426,0
63.7451067441049304,78.4406470625165753,0
61.8207726579772157,77.8957265866973074,0
59.8964385718495578,77.3508061108779827,0
57.9721044857218999,76.8058856350586154,0
56.047770399594242,76.2609651592393618,0
54.1234363134665841,75.7160446834200371,0
52.199102227338912,75.1711242076007267,0
68.9731885266685367,81.9997425761022498,0
67.0488544405408788,81.4548221002828541,0
65.1245203544131925,80.9099016244636005,0
63.2001862682855915,80.3649811486442331,0
61.2758521821579052,79.8200606728249653,0
59.3515180960302189,79.2751401970056406,0
57.4271840099025752,78.7302197211862733,0
55.5028499237749173,78.1852992453670197,0
53.5785158376472594,77.640378769547695,0
68.4282680508492263,83.9240766622299219,0
66.5039339647215684,83.3791561864105262,0
64.5795998785938821,82.8342357105912726,0
62.655265792466281,82.2893152347719052,0
60.7309317063385947,81.7443947589526374,0
58.8065976202109084,81.1994742831333127,0
91.230704425711366,84.1451996378594487,0
89.3063703395836512,83.600279162040195,0
87.3820362534560502,83.0553586862208277,0
85.4577021673283639,82.5104382104015599,0
83.5333680812006776,81.9655177345822352,0
81.6090339950730481,81.4205972587628679,0
79.6846999089453902,80.8756767829436143,0
77.7603658228177324,80.3307563071242896,0
75.8360317366900603,79.7858358313049791,0
73.9116976505624024,79.2409153554856829,0
71.9873635644347587,78.695994879666344,0
70.0630294783071008,78.1510744038470619,0
84.9127816915090818,84.4347722965292178,0
82.988447605381424,83.8898518207098931,0
81.0641135192537661,83.3449313448905258,0
79.1397794331261082,82.8000108690712722,0
77.2154453469984503,82.2550903932519475,0
75.2911112608707782,81.710169917432637,0
73.3667771747431203,81.1652494416133408,0
71.4424430886154767,80.6203289657940019,0
69.5181090024878188,80.0754084899747198,0
76.6705248711791256,84.1794244793796054,0
74.7461907850514535,83.6345040035602949,0
72.8218566989237956,83.0895835277409986,0
70.897522612796152,82.5446630519216598,0
68.9731885266684941,81.9997425761023777,0
68.4282680508491836,83.9240766622300498,0
87.9269567292754033,81.131024600093312,0
86.0026226431477454,80.5861041242739873,0
84.0782885570200733,80.0411836484546768,0
62.9106136096158579,74.0470584144421053,0
60.9862795234882,73.5021379386227807,0
59.0619454373605279,72.9572174628034702,0
96.9352570010541257,56.6596019562530415,0
95.0109229149264678,56.1146814804337168,0
93.0865888287987957,55.5697610046144064,0
145.5885296300648974,68.3582797656077332,0
143.664195543937268,67.8133592897883943,0
141.7398614578096101,67.2684388139691123,0
150.271690936809307,73.8417093653209946,0
148.3473568506816491,73.2967888895016699,0
146.4230227645539912,72.7518684136823595,0
148.8922773265009312,71.3724548033739836,0
146.9679432403732449,70.8275343275546732,0
145.043609154245587,70.2826138517353769,0
143.1192750681179575,69.737693375916038,0
141.1949409819902996,69.192772900096756,0
153.5754386332452555,76.8558844030872734,0
151.6511045471175976,76.3109639272679061,0
149.7267704609899397,75.7660434514486525,0
147.8024363748622818,75.2211229756293278,0
145.8781022887346239,74.6762024998100173,0
143.953768202606966,74.1312820239907211,0
142.0294341164793082,73.5863615481713822,0
140.1051000303516503,73.0414410723521002,0
154.9548522435536597,79.325138965034256,0
153.0305181574260018,78.7802184892149313,0
151.106184071298344,78.235298013395564,0
149.1818499851706861,77.6903775375763104,0
147.2575158990430282,77.1454570617569857,0
145.3331818129153419,76.6005365859376752,0
143.408847726787684,76.055616110118379,0
141.4845136406600545,75.5106956342990401,0
139.5601795545323967,74.965775158479758,0
158.2585999399896082,82.339314002800549,0
156.3342658538620071,81.7943935269811817,0
154.4099317677343493,81.2494730511619139,0
152.4855976816066345,80.7045525753425892,0
150.5612635954790051,80.1596320995232219,0
148.6369295093513472,79.6147116237039683,0
146.7125954232236893,79.0697911478846436,0
144.788261337096003,78.5248706720653331,0
142.8639272509683451,77.9799501962460369,0
140.9395931648407156,77.435029720426698,0
139.0152590787130578,76.8901092446074159,0
159.6380135502980124,84.8085685647474747,0
157.7136794641702977,84.2636480889282211,0
155.7893453780426967,83.7187276131088538,0
153.8650112919150388,83.173807137289586,0
151.9406772057873241,82.6288866614702613,0
150.0163431196596946,82.083966185650894,0
148.0920090335320367,81.5390457098316404,0
146.1676749474043788,80.9941252340123157,0
144.2433408612766925,80.4492047581930052,0
142.3190067751490346,79.9042842823737089,0
140.3946726890214052,79.3593638065543701,0
138.4703386028937473,78.814443330735088,0
161.0174271606062462,87.2778231266944999,0
159.0930930744785883,86.7329026508751042,0
157.1687589883509304,86.1879821750558506,0
155.2444249022233294,85.6430616992364833,0
153.3200908160956146,85.0981412234172154,0
151.3957567299679283,84.5532207475978907,0
149.4714226438402989,84.0083002717785234,0
147.547088557712641,83.4633797959592698,0
145.6227544715849831,82.9184593201399451,0
143.6984203854572968,82.3735388443206347,0
141.7740862993296389,81.8286183685013384,0
139.8497522132020094,81.2836978926819995,0
137.9254181270743516,80.7387774168627175,0
160.4725066847870494,89.202157212822172,0
158.5481725986593915,88.6572367370027763,0
156.6238385125316768,88.1123162611835227,0
154.6995044264040757,87.5673957853641554,0
152.775170340276361,87.0224753095448875,0
150.8508362541487031,86.4775548337255628,0
148.9265021680210452,85.9326343579061955,0
147.0021680818933874,85.3877138820869419,0
145.0778339957657295,84.8427934062676172,0
143.1534999096380716,84.2978729304483068,0
141.2291658235104137,83.7529524546290105,0
139.3048317373827558,83.2080319788096716,0
137.3804976512550979,82.6631115029903896,0
159.9275862089677389,91.1264912989498441,0
158.003252122840081,90.5815708231304484,0
156.0789180367123663,90.0366503473111948,0
154.1545839505847653,89.4917298714918275,0
152.230249864457079,88.9468093956725596,0
150.3059157783293927,88.4018889198532349,0
148.3815816922017632,87.8569684440338676,0
146.4572476060741053,87.312047968214614,0
144.5329135199464474,86.7671274923952893,0
142.6085794338187611,86.2222070165759789,0
140.6842453476911032,85.6772865407566826,0
138.7599112615634738,85.1323660649373437,0
136.8355771754358159,84.5874455891180617,0
157.4583316470207137,92.5059049092580779,0
155.533997560892999,91.9609844334388242,0
153.609663474765398,91.4160639576194569,0
151.6853293886377116,90.8711434818001891,0
149.7609953025100253,90.3262230059808644,0
147.8366612163823959,89.7813025301614971,0
145.912327130254738,89.2363820543422435,0
143.9879930441270801,88.6914615785229188,0
142.0636589579993938,88.1465411027036083,0
140.1393248718717359,87.6016206268843121,0
138.2149907857441065,87.0567001510649732,0
136.2906566996164486,86.5117796752456911,0
153.0647429989461443,93.3403980437471432,0
151.140408912818458,92.7954775679278754,0
149.2160748266907717,92.2505570921085507,0
147.2917407405631423,91.7056366162891834,0
145.3674066544354844,91.1607161404699298,0
143.4430725683078265,90.6157956646506051,0
141.5187384821801402,90.0708751888312946,0
139.5944043960524823,89.5259547130119984,0
137.6700703099248528,88.9810342371926595,0
135.745736223797195,88.4361137613733774,0
150.5954884369991191,94.7198116540555333,0
148.6711543508714612,94.1748911782362086,0
146.7468202647438034,93.6299707024168413,0
144.8224861786161455,93.0850502265975877,0
142.8981520924884876,92.540129750778263,0
140.9738180063608297,91.9952092749589525,0
139.0494839202331718,91.4502887991396562,0
137.1251498341055139,90.9053683233203174,0
135.2008157479778561,90.3604478475010353,0
146.2018997889245213,95.5543047885445134,0
144.2775657027968634,95.0093843127252597,0
142.3532316166692056,94.4644638369059351,0
140.4288975305415192,93.9195433610866246,0
138.5045634444138614,93.3746228852673283,0
136.5802293582862319,92.8297024094479895,0
134.655895272158574,92.2847819336287074,0
141.8083111408498951,96.3887979230335787,0
139.8839770547222088,95.8438774472142683,0
137.9596429685945509,95.298956971394972,0
136.0353088824669214,94.7540364955756331,0
134.1109747963392635,94.2091160197563511,0
122.2069479378630774,55.5013113215738798,0
120.2826138517354337,54.9563908457545409,0
118.3582797656077759,54.4114703699352589,0
131.2836978926820279,60.15024778679809,0
129.3593638065543985,59.6053273109787227,0
127.4350297204267406,59.0604068351594691,0
125.5106956342990827,58.5154863593401444,0
123.5863615481714106,57.9705658835208339,0
121.6620274620437527,57.4256454077015377,0
119.7376933759161091,56.8807249318821988,0
117.8133592897884512,56.3358044560629168,0
140.3604478475010637,64.7991842520223713,0
138.4361137613734059,64.2542637762029756,0
136.5117796752457195,63.709343300383722,0
134.5874455891181185,63.1644228245643546,0
132.6631115029904322,62.6195023487450868,0
130.7387774168627459,62.0745818729257621,0
128.8144433307351164,61.5296613971063948,0
126.8901092446074443,60.9847409212871412,0
124.9657751584797865,60.4398204454678165,0
123.0414410723521144,59.894899969648506,0
121.1171069862244565,59.3499794938292098,0
119.1927729000968128,58.8050590180098709,0
117.2684388139691549,58.2601385421905889,0
139.2706068958624712,68.6478524242777013,0
137.3462728097348133,68.1029319484583056,0
135.421938723607127,67.5580114726390519,0
133.497604637479526,67.0130909968196846,0
131.5732705513518113,66.4681705210004168,0
129.6489364652241534,65.9232500451810921,0
127.7246023790965097,65.3783295693617248,0
125.8002682929688518,64.8334090935424712,0
123.8759342068411939,64.2884886177231465,0
121.9516001207135218,63.743568141903836,0
139.8155273716817533,66.723518338150015,0
137.8911932855540954,66.1785978623306193,0
135.9668591994264091,65.6336773865113656,0
134.042525113298808,65.0887569106919983,0
132.1181910271711217,64.5438364348727305,0
130.1938569410434354,63.9989159590534058,0
128.269522854915806,63.4539954832340385,0
126.3451887687881339,62.9090750074147849,0
124.420854682660476,62.3641545315954602,0
122.4965205965328039,61.8192340557761497,0
120.572186510405146,61.2743135799568535,0
118.6478524242775023,60.7293931041375146,0
116.7235183381498445,60.1844726283182325,0
109.2815298107888964,49.7625339047111979,0
107.3571957246612527,49.2176134288918306,0
105.4328616385335948,48.6726929530725769,0
103.5085275524059369,48.1277724772532522,0
101.5841934662782649,47.5828520014339418,0
99.659859380150607,47.0379315256146455,0
97.7355252940229633,46.4930110497953066,0
118.3582797656079606,54.4114703699354934,0
116.4339456794803027,53.8665498941160976,0
114.5096115933526164,53.321629418296844,0
112.5852775072250154,52.7767089424774767,0
110.6609434210973149,52.2317884666582088,0
108.7366093349696428,51.6868679908388842,0
106.8122752488419991,51.1419475150195169,0
104.8879411627143412,50.5970270392002632,0
102.9636070765866833,50.0521065633809386,0
101.0392729904590112,49.5071860875616281,0
99.1149389043313533,48.9622656117423318,0
97.1906048182037097,48.4173451359229929,0
95.2662707320760518,47.8724246601037109,0
117.8133592897886501,56.3358044560631512,0
115.8890252036609922,55.7908839802437555,0
113.9646911175332775,55.2459635044245019,0
112.0403570314056765,54.7010430286051346,0
110.1160229452779902,54.1561225527858667,0
108.1916888591503181,53.6112020769665421,0
106.2673547730226744,53.0662816011471747,0
104.3430206868950165,52.5213611253279211,0
102.4186866007673586,51.9764406495085964,0
100.4943525146396865,51.431520173689286,0
98.5700184285120287,50.8865996978699897,0
96.645684342384385,50.3416792220506508,0
94.7213502562567271,49.7967587462313688,0
117.2684388139693397,58.2601385421908233,0
115.3441047278416818,57.7152180663714276,0
113.4197706417139955,57.170297590552174,0
111.4954365555863944,56.6253771147328067,0
109.5711024694586939,56.0804566389135388,0
107.6467683833310218,55.5355361630942141,0
105.7224342972033782,54.9906156872748468,0
103.7981002110757203,54.4456952114555932,0
101.8737661249480624,53.9007747356362685,0
99.9494320388203903,53.3558542598169581,0
98.0250979526927324,52.8109337839976618,0
96.1007638665650887,52.2660133081783229,0
94.1764297804374308,51.7210928323590409,0
116.1785978623307471,62.1088067144461533,0
114.2542637762030893,61.5638862386267576,0
112.329929690075403,61.0189657628075039,0
110.4055956039478019,60.4740452869881366,0
108.4812615178201014,59.9291248111688688,0
106.5569274316924293,59.3842043353495441,0
104.6325933455647856,58.8392838595301768,0
102.7082592594371278,58.2943633837109232,0
100.7839251733094699,57.7494429078915985,0
98.8595910871817978,57.204522432072288,0
116.7235183381500292,60.184472628318467,0
114.7991842520223713,59.6395521524990713,0
112.874850165894685,59.0946316766798176,0
110.950516079767084,58.5497112008604503,0
109.0261819936393834,58.0047907250411825,0
107.1018479075117114,57.4598702492218578,0
105.1775138213840677,56.9149497734024905,0
103.2531797352564098,56.3700292975832369,0
101.3288456491287519,55.8251088217639122,0
99.4045115630010798,55.2801883459446017,0
97.4801774768734219,54.7352678701253055,0
95.5558433907457783,54.1903473943059666,0
93.6315093046181204,53.6454269184866845,0
93.3419366459483513,47.3275041842846349,0
91.4176025598206934,46.7825837084652392,0
89.4932684736930071,46.2376632326459855,0
92.7970161701290408,49.2518382704122928,0
90.8726820840013829,48.7069177945928971,0
88.9483479978736682,48.1619973187736434,0
87.0240139117460672,47.6170768429542761,0
85.0996798256183808,47.0721563671350083,0
92.2520956943097303,51.1761723565399649,0
90.3277616081820725,50.6312518807205691,0
88.4034275220543861,50.0863314049013155,0
86.4790934359267851,49.5414109290819482,0
84.5547593497990846,48.9964904532626804,0
82.6304252636714125,48.4515699774433557,0
80.7060911775437688,47.9066495016239884,0
91.1622547426711378,55.0248405287952949,0
89.2379206565434799,54.4799200529758991,0
87.3135865704157936,53.9349995771566455,0
85.3892524842881926,53.3900791013372782,0
83.4649183981604921,52.8451586255180104,0
81.54058431203282,52.3002381496986857,0
79.6162502259051763,51.7553176738793184,0
77.6919161397775184,51.2103971980600647,0
75.7675820536498605,50.6654767222407401,0
73.8432479675221884,50.1205562464214296,0
91.7071752184904199,53.1005064426676086,0
89.782841132362762,52.5555859668482128,0
87.8585070462350757,52.0106654910289592,0
85.9341729601074746,51.4657450152095919,0
84.0098388739797741,50.920824539390324,0
82.085504787852102,50.3759040635709994,0
80.1611707017244584,49.8309835877516321,0
78.2368366155968005,49.2860631119323784,0
62.0418956336066287,55.093290211835253,0
61.4969751577872046,57.0176242979628825,0
59.5726410716595467,56.4727038221434867,0
57.6483069855318888,55.9277833463242331,0
60.9520546819680078,58.9419583840905545,0
59.0277205958403499,58.3970379082711588,0
57.1033865097126352,57.8521174324519052,0
55.1790524235850341,57.3071969566325379,0
60.4071342061486973,60.8662924702182266,0
58.4828001200210394,60.3213719943988309,0
56.5584660338933531,59.7764515185795773,0
54.6341319477657521,59.23153104276021,0
52.7097978616380516,58.6866105669409421,0
59.86221373032933,62.7906265563458561,0
57.9378796442016721,62.2457060805264604,0
56.0135455580739858,61.7007856047072067,0
54.0892114719463848,61.1558651288878394,0
52.1648773858186843,60.6109446530685716,0
50.2405432996910122,60.0660241772492469,0
59.3172932545100764,64.7149606424735424,0
57.3929591683824185,64.1700401666541467,0
55.4686250822547322,63.625119690834893,0
53.5442909961271312,63.0801992150155257,0
51.6199569099994306,62.5352787391962579,0
49.6956228238717586,61.9903582633769332,0
47.7712887377441149,61.4454377875575659,0
58.7723727786907659,66.6392947286012003,0
56.848038692563108,66.0943742527818046,0
54.9237046064353933,65.5494537769625509,0
52.9993705203077923,65.0045333011431836,0
51.075036434180106,64.4596128253239158,0
49.1507023480524339,63.9146923495045911,0
47.2263682619247902,63.3697718736852238,0
58.2274523028714555,68.5636288147288724,0
56.3031182167437976,68.0187083389094767,0
54.3787841306161113,67.473787863090223,0
52.4544500444885102,66.9288673872708557,0
50.5301159583608097,66.3839469114515879,0
48.6057818722331376,65.8390264356322632,0
46.6814477861054939,65.2941059598128959,0
57.1376113512328629,72.4122969869842024,0
55.2132772651052051,71.8673765111648066,0
53.2889431789775188,71.322456035345553,0
51.3646090928499177,70.7775355595261857,0
49.4402750067222172,70.2326150837069179,0
57.682531827052145,70.4879629008565161,0
55.7581977409244871,69.9430424250371203,0
53.8338636547968008,69.3981219492178667,0
51.9095295686691998,68.8532014733984994,0
49.9851954825414992,68.3082809975792316,0
48.0608613964138272,67.7633605217599069,0
88.6930001807241553,56.404254139103287,0
86.7686660945964974,55.8593336632838913,0
84.8443320084687826,55.3144131874646376,0
82.9199979223411816,54.7694927116452703,0
80.9956638362134953,54.2245722358260025,0
79.071329750085809,53.6796517600066778,0
77.1469956639581795,53.1347312841873105,0
75.2226615778305217,52.5898108083680569,0
73.2983274917028638,52.0448903325487322,0
71.3739934055751917,51.4999698567294217,0
88.1480797049048448,58.3285882252309449,0
86.2237456187771869,57.7836677494115492,0
84.299411532649529,57.2387472735922955,0
82.375077446521928,56.6938267977729282,0
80.4507433603942133,56.1489063219536604,0
78.5264092742665554,55.6039858461343357,0
76.6020751881388975,55.0590653703149684,0
74.6777411020112396,54.5141448944957148,0
72.7534070158835817,53.9692244186763901,0
70.8290729297559096,53.4243039428570796,0
68.9047388436282517,52.8793834670377834,0
66.9804047575006081,52.3344629912184445,0
87.6031592290855343,60.2529223113586028,0
85.6788251429578764,59.708001835539207,0
83.7544910568301901,59.1630813597199534,0
81.8301569707025891,58.6181608839005861,0
79.9058228845749028,58.0732404080813183,0
77.9814887984472165,57.5283199322619936,0
76.0571547123195728,56.9833994564426263,0
74.1328206261919149,56.4384789806233726,0
72.208486540064257,55.893558504804048,0
70.2841524539365849,55.3486380289847375,0
68.3598183678089271,54.8037175531654412,0
66.4354842816812834,54.2587970773461024,0
64.5111501955536255,53.7138766015268203,0
87.0582387532662239,62.1772563974862749,0
85.133904667138566,61.6323359216668791,0
83.2095705810108797,61.0874154458476255,0
81.2852364948832786,60.5424949700282582,0
79.3609024087555923,59.9975744942089904,0
77.436568322627906,59.4526540183896657,0
75.5122342365002623,58.9077335425702984,0
73.5879001503726045,58.3628130667510447,0
71.6635660642449466,57.8178925909317201,0
69.7392319781172745,57.2729721151124096,0
67.8148978919896166,56.7280516392931133,0
65.8905638058619729,56.1831311634737744,0
63.966229719734315,55.6382106876544924,0
86.5133182774467997,64.1015904836139043,0
84.5889841913191418,63.5566700077945086,0
82.6646501051914839,63.011749531975255,0
80.7403160190638829,62.4668290561558877,0
78.8159819329361682,61.9219085803366198,0
76.8916478468084961,61.3769881045172951,0
74.9673137606808524,60.8320676286979278,0
73.0429796745531945,60.2871471528786742,0
71.1186455884255366,59.7422266770593495,0
69.1943115022978645,59.1973062012400391,0
67.2699774161702067,58.6523857254207428,0
65.345643330042563,58.1074652496014039,0
63.4213092439149051,57.5625447737821219,0
85.9683978016276029,66.0259245697415764,0
84.044063715499945,65.4810040939221807,0
82.1197296293722303,64.9360836181029271,0
80.1953955432446293,64.3911631422835598,0
78.271061457116943,63.8462426664642919,0
76.3467273709892709,63.3013221906449672,0
74.4223932848616272,62.7564017148255999,0
72.4980591987339693,62.2114812390063463,0
70.5737251126063114,61.6665607631870216,0
68.6493910264786393,61.1216402873677112,0
66.7250569403509814,60.5767198115484149,0
64.8007228542233378,60.031799335729076,0
62.8763887680956799,59.486878859909794,0
85.4234773258082924,67.9502586558692485,0
83.4991432396806346,67.4053381800498528,0
81.5748091535529483,66.8604177042305992,0
79.6504750674253472,66.3154972284112318,0
77.7261409812976467,65.770576752591964,0
75.8018068951699746,65.2256562767726393,0
73.8774728090423309,64.680735800953272,0
71.9531387229146731,64.1358153251340184,0
70.0288046367870152,63.5908948493146937,0
68.1044705506593431,63.0459743734953832,0
66.1801364645316852,62.501053897676087,0
64.2558023784040415,61.9561334218567481,0
62.3314682922763836,61.4112129460374661,0
84.8785568499889251,69.874592741996878,0
82.9542227638612673,69.3296722661774822,0
81.0298886777335809,68.7847517903582286,0
79.1055545916059799,68.2398313145388613,0
77.1812205054782794,67.6949108387195935,0
75.2568864193506073,67.1499903629002688,0
73.3325523332229636,66.6050698870809015,0
71.4082182470953057,66.0601494112616479,0
69.4838841609676479,65.5152289354423232,0
67.5595500748399758,64.9703084596230127,0
65.6352159887123179,64.4253879838037165,0
63.7108819025846742,63.8804675079843776,0
61.7865478164570163,63.3355470321650955,0
84.3336363741696715,71.7989268281245643,0
82.4093022880420136,71.2540063523051685,0
80.4849682019143273,70.7090858764859149,0
78.5606341157867263,70.1641654006665476,0
76.6363000296590258,69.6192449248472798,0
74.7119659435313537,69.0743244490279551,0
72.78763185740371,68.5294039732085878,0
70.8632977712760521,67.9844834973893342,0
68.9389636851483942,67.4395630215700095,0
67.0146295990207221,66.894642545750699,0
65.0902955128930643,66.3497220699314028,0
63.1659614267654206,65.8048015941120639,0
61.2416273406377627,65.2598811182927818,0
83.788715898350361,73.7232609142522222,0
81.8643818122227032,73.1783404384328264,0
79.9400477260949884,72.6334199626135728,0
78.0157136399673874,72.0884994867942055,0
76.0913795538397011,71.5435790109749377,0
74.167045467712029,70.998658535155613,0
72.2427113815843853,70.4537380593362457,0
70.3183772954567274,69.908817583516992,0
68.3940432093290696,69.3638971076976674,0
66.4697091232013975,68.8189766318783569,0
64.5453750370737396,68.2740561560590606,0
62.6210409509460959,67.7291356802397218,0
60.696706864818438,67.1842152044204397,0
83.2437954225310506,75.6475950003798943,0
81.3194613364033927,75.1026745245604985,0
79.3951272502757064,74.5577540487412449,0
77.4707931641481053,74.0128335729218776,0
75.5464590780204048,73.4679130971026098,0
73.6221249918927327,72.9229926212832851,0
71.6977909057650891,72.3780721454639178,0
69.7734568196374312,71.8331516696446641,0
67.8491227335097733,71.2882311938253395,0
65.9247886473821012,70.743310718006029,0
64.0004545612544433,70.1983902421867327,0
62.0761204751267996,69.6534697663673938,0
60.1517863889991418,69.1085492905481118,0
82.1539544708924581,79.4962631726352242,0
80.2296203847648002,78.9513426968158285,0
78.3052862986371139,78.4064222209965749,0
76.3809522125095128,77.8615017451772076,0
74.4566181263818123,77.3165812693579397,0
72.5322840402541402,76.7716607935386151,0
70.6079499541264966,76.2267403177192477,0
68.6836158679988387,75.6818198418999941,0
66.7592817818711808,75.1368993660806694,0
64.8349476957435087,74.591978890261359,0
82.6988749467117401,77.5719290865075379,0
80.7745408605840822,77.0270086106881422,0
78.8502067744563959,76.4820881348688886,0
76.9258726883287949,75.9371676590495213,0
75.0015386022010944,75.3922471832302534,0
73.0772045160734223,74.8473267074109287,0
71.1528704299457786,74.3024062315915614,0
69.2285363438181207,73.7574857557723078,0
67.3042022576904628,73.2125652799529831,0
65.3798681715627907,72.6676448041336727,0
63.4555340854351329,72.1227243283143764,0
61.5311999993074892,71.5778038524950375,0
59.6068659131798313,71.0328833766757555,0
113.7093433003836935,63.4882203247544936,0
111.7850092142560356,62.9432998489350979,0
109.8606751281283209,62.3983793731158443,0
107.9363410420007199,61.8534588972964769,0
106.0120069558730336,61.3085384214772091,0
104.0876728697453473,60.7636179456578844,0
102.1633387836177178,60.2186974698385171,0
100.2390046974900599,59.6737769940192635,0
98.314670611362402,59.1288565181999388,0
96.3903365252347299,58.5839360423806284,0
94.4660024391070721,58.0390155665613321,0
92.5416683529794284,57.4940950907419932,0
90.6173342668517705,56.9491746149227112,0
113.1644228245643831,65.4125544108821515,0
111.2400887384367252,64.8676339350627558,0
109.3157546523090673,64.3227134592435021,0
107.3914205661814663,63.7777929834241348,0
105.4670864800537515,63.232872507604867,0
103.5427523939260936,62.6879520317855423,0
101.6184183077984358,62.143031555966175,0
99.6940842216707779,61.5981110801469214,0
97.76975013554312,61.0531906043275967,0
95.8454160494154479,60.5082701285082862,0
93.92108196328779,59.96334965268899,0
91.9967478771601463,59.4184291768696511,0
90.0724137910324885,58.873508701050369,0
112.6195023487450726,67.3368884970098094,0
110.6951682626174147,66.7919680211904137,0
108.7708341764897284,66.24704754537116,0
106.8465000903621274,65.7021270695517927,0
104.9221660042344411,65.1572065937325249,0
102.9978319181067548,64.6122861179132002,0
101.0734978319791111,64.0673656420938329,0
99.1491637458514532,63.5224451662745793,0
97.2248296597237953,62.9775246904552546,0
95.3004955735961232,62.4326042146359441,0
93.3761614874684653,61.8876837388166479,0
91.4518274013408217,61.342763262997309,0
89.5274933152131638,60.7978427871780269,0
112.0745818729257621,69.2612225831374815,0
110.1502477867981042,68.7163021073180857,0
108.2259137006704179,68.1713816314988321,0
106.3015796145428169,67.6264611556794648,0
104.3772455284151306,67.081540679860197,0
102.4529114422874443,66.5366202040408723,0
100.5285773561598006,65.991699728221505,0
98.6042432700321427,65.4467792524022514,0
96.6799091839044848,64.9018587765829267,0
94.7555750977768128,64.3569383007636162,0
92.8312410116491549,63.81201782494432,0
90.9069069255215112,63.2670973491249811,0
88.9825728393938533,62.722176873305699,0
111.529661397106338,71.1855566692651109,0
109.6053273109786801,70.6406361934457152,0
107.6809932248510222,70.0957157176264616,0
105.7566591387234212,69.5507952418070943,0
103.8323250525957064,69.0058747659878264,0
101.9079909664680343,68.4609542901685018,0
99.9836568803403907,67.9160338143491344,0
98.0593227942127328,67.3711133385298808,0
96.1349887080850749,66.8261928627105561,0
94.2106546219574028,66.2812723868912457,0
92.2863205358297449,65.7363519110719494,0
90.3619864497021013,65.1914314352526105,0
88.4376523635744434,64.6465109594333285,0
110.9847409212871412,73.109890755392783,0
109.0604068351594833,72.5649702795733873,0
107.1360727490317686,72.0200498037541337,0
105.2117386629041675,71.4751293279347664,0
103.2874045767764812,70.9302088521154985,0
101.3630704906488091,70.3852883762961739,0
99.4387364045211655,69.8403679004768065,0
97.5144023183935076,69.2954474246575529,0
95.5900682322658497,68.7505269488382282,0
93.6657341461381776,68.2056064730189178,0
91.7414000600105197,67.6606859971996215,0
89.8170659738828761,67.1157655213802826,0
87.8927318877552182,66.5708450455610006,0
110.4398204454678307,75.0342248415204551,0
108.5154863593401728,74.4893043657010594,0
106.5911522732124865,73.9443838898818058,0
104.6668181870848855,73.3994634140624385,0
102.742484100957185,72.8545429382431706,0
100.8181500148295129,72.3096224624238459,0
98.8938159287018692,71.7647019866044786,0
96.9694818425742113,71.219781510785225,0
95.0451477564465534,70.6748610349659003,0
93.1208136703188813,70.1299405591465899,0
91.1964795841912235,69.5850200833272936,0
89.2721454980635798,69.0400996075079547,0
87.3478114119359219,68.4951791316886727,0
109.8948999696484634,76.9585589276480846,0
107.9705658835208055,76.4136384518286889,0
106.0462317973931192,75.8687179760094352,0
104.1218977112655182,75.3237975001900679,0
102.1975636251378177,74.7788770243708001,0
100.2732295390101456,74.2339565485514754,0
98.3488954528825019,73.6890360727321081,0
96.424561366754844,73.1441155969128545,0
94.5002272806271861,72.5991951210935298,0
92.575893194499514,72.0542746452742193,0
90.6515591083718562,71.5093541694549231,0
88.7272250222442125,70.9644336936355842,0
86.8028909361165546,70.4195132178163021,0
109.3499794938292098,78.8828930137757709,0
107.4256454077015519,78.3379725379563752,0
105.5013113215738656,77.7930520621371215,0
103.5769772354462646,77.2481315863177542,0
101.652643149318564,76.7032111104984864,0
99.7283090631908919,76.1582906346791617,0
97.8039749770632483,75.6133701588597944,0
95.8796408909355904,75.0684496830405408,0
93.9553068048079325,74.5235292072212161,0
92.0309727186802604,73.9786087314019056,0
90.1066386325526025,73.4336882555826094,0
88.1823045464249589,72.8887677797632705,0
86.257970460297301,72.3438473039439884,0
108.8050590180098993,80.8072270999034288,0
106.8807249318822414,80.262306624084033,0
104.9563908457545267,79.7173861482647794,0
103.0320567596269257,79.1724656724454121,0
101.1077226734992394,78.6275451966261443,0
99.1833885873715673,78.0826247208068196,0
97.2590545012439236,77.5377042449874523,0
95.3347204151162657,76.9927837691681987,0
93.4103863289886078,76.447863293348874,0
91.4860522428609357,75.9029428175295635,0
89.5617181567332779,75.3580223417102673,0
87.6373840706056342,74.8131018658909284,0
85.7130499844779763,74.2681813900716463,0
108.2601385421905889,82.7315611860311009,0
106.335804456062931,82.1866407102117051,0
104.4114703699352447,81.6417202343924515,0
102.4871362838076436,81.0967997585730842,0
100.5628021976799431,80.5518792827538164,0
98.638468111552271,80.0069588069344917,0
96.7141340254246273,79.4620383311151244,0
94.7897999392969695,78.9171178552958708,0
92.8654658531693116,78.3721973794765461,0
90.9411317670416395,77.8272769036572356,0
89.0167976809139816,77.2823564278379393,0
87.0924635947863379,76.7374359520186005,0
85.16812950865868,76.1925154761993184,0
101.3972953321690511,84.9454679308284142,0
99.4729612460413506,84.4005474550091463,0
97.5486271599136785,83.8556269791898217,0
95.6242930737860348,83.3107065033704544,0
93.6999589876583769,82.7657860275512007,0
91.7756249015307191,82.2208655517318761,0
89.851290815403047,81.6759450759125656,0
107.7152180663712784,84.6558952721587445,0
105.7908839802436205,84.1109747963393488,0
103.8665498941159342,83.5660543205200952,0
101.9422158079883332,83.0211338447007279,0
100.0178817218606326,82.47621336888146,0
98.0935476357329605,81.9312928930621354,0
96.1692135496053169,81.3863724172427681,0
94.244879463477659,80.8414519414235144,0
92.3205453773500011,80.2965314656041897,0
90.396211291222329,79.7516109897848793,0
88.4718772050946711,79.206690513965583,0
86.5475431189670275,78.6617700381462441,0
84.6232090328393696,78.1168495623269621,0
138.7256864200433029,70.5721865104053592,0
136.801352333915645,70.0272660345859634,0
134.8770182477879302,69.4823455587667098,0
132.9526841616603292,68.9374250829473425,0
131.0283500755326429,68.3925046071280747,0
129.1040159894049566,67.84758413130875,0
127.1796819032773271,67.3026636554893827,0
125.2553478171496693,66.7577431796701291,0
123.3310137310220114,66.2128227038508044,0
121.4066796448943393,65.6679022280314939,0
119.4823455587666814,65.1229817522121976,0
117.5580114726390377,64.5780612763928588,0
115.6336773865113798,64.0331408005735767,0
138.1807659442239924,72.4965205965330171,0
136.2564318580963345,71.9516001207136213,0
134.3320977719686766,71.4066796448943677,0
132.4077636858410756,70.8617591690750004,0
130.4834295997133609,70.3168386932557326,0
128.559095513585703,69.7719182174364079,0
126.6347614274580451,69.2269977416170406,0
124.7104273413303872,68.6820772657977869,0
122.7860932552027293,68.1371567899784623,0
120.8617591690750572,67.5922363141591518,0
118.9374250829473993,67.0473158383398555,0
117.0130909968197557,66.5023953625205166,0
115.0887569106920978,65.9574748867012346,0
137.6358454684046819,74.4208546826606749,0
135.711511382277024,73.8759342068412792,0
133.7871772961493377,73.3310137310220256,0
131.8628432100217367,72.7860932552026583,0
129.9385091238940504,72.2411727793833904,0
128.0141750377663641,71.6962523035640658,0
126.0898409516387204,71.1513318277446984,0
124.1655068655110625,70.6064113519254448,0
122.2411727793834046,70.0614908761061201,0
120.3168386932557326,69.5165704002868097,0
118.3925046071280747,68.9716499244675134,0
116.468170521000431,68.4267294486481745,0
114.5438364348727731,67.8818089728288925,0
137.0909249925853715,76.345188768788347,0
135.1665909064577136,75.8002682929689513,0
133.2422568203300273,75.2553478171496977,0
131.3179227342024262,74.7104273413303304,0
129.3935886480747399,74.1655068655110625,0
127.4692545619470536,73.6205863896917378,0
125.5449204758194099,73.0756659138723705,0
123.6205863896917521,72.5307454380531169,0
121.6962523035640942,71.9858249622337922,0
119.7719182174364221,71.4409044864144818,0
117.8475841313087642,70.8959840105951855,0
115.9232500451811205,70.3510635347758466,0
113.9989159590534626,69.8061430589565646,0
136.5460045167659473,78.2695228549159765,0
134.6216704306382894,77.7246023790965808,0
132.6973363445106315,77.1796819032773271,0
130.7730022583830305,76.6347614274579598,0
128.8486681722553158,76.089840951638692,0
126.9243340861276437,75.5449204758193673,0
125,75,0
123.0756659138723421,74.4550795241807464,0
121.1513318277446842,73.9101590483614217,0
119.2269977416170121,73.3652385725421112,0
117.3026636554893543,72.820318096722815,0
115.3783295693617106,72.2753976209034761,0
113.4539954832340527,71.730477145084194,0
136.0010840409467505,80.1938569410436486,0
134.0767499548190926,79.6489364652242529,0
132.1524158686913779,79.1040159894049992,0
130.2280817825637769,78.5590955135856319,0
128.3037476964360906,78.0141750377663641,0
126.3794136103084185,77.4692545619470394,0
124.4550795241807748,76.9243340861276721,0
122.5307454380531169,76.3794136103084185,0
120.606411351925459,75.8344931344890938,0
118.6820772657977869,75.2895726586697833,0
116.7577431796701291,74.7446521828504871,0
114.8334090935424854,74.1997317070311482,0
112.9090750074148275,73.6548112312118661,0
135.4561635651274401,82.1181910271713207,0
133.5318294789997822,81.573270551351925,0
131.6074953928720959,81.0283500755326713,0
129.6831613067444948,80.483429599713304,0
127.7588272206167943,79.9385091238940362,0
125.8344931344891222,79.3935886480747115,0
123.9101590483614785,78.8486681722553442,0
121.9858249622338207,78.3037476964360906,0
120.0614908761061628,77.7588272206167659,0
118.1371567899784907,77.2139067447974554,0
116.2128227038508328,76.6689862689781592,0
114.2884886177231891,76.1240657931588203,0
112.3641545315955312,75.5791453173395382,0
134.9112430893080727,84.0425251132989501,0
132.9869090031804149,83.4976046374795544,0
131.0625749170527286,82.9526841616603008,0
129.1382408309251275,82.4077636858409335,0
127.213906744797427,81.8628432100216656,0
125.2895726586697549,81.317922734202341,0
123.3652385725421112,80.7730022583829737,0
121.4409044864144533,80.22808178256372,0
119.5165704002867955,79.6831613067443953,0
117.5922363141591234,79.1382408309250849,0
115.6679022280314655,78.5933203551057886,0
113.7435681419038218,78.0483998792864497,0
111.8192340557761639,77.5034794034671677,0
134.3663226134888191,85.9668591994266365,0
132.4419885273611612,85.4219387236072407,0
130.5176544412334749,84.8770182477879871,0
128.5933203551058739,84.3320977719686198,0
126.6689862689781734,83.7871772961493519,0
124.7446521828505013,83.2422568203300273,0
122.8203180967228576,82.69733634451066,0
120.8959840105951997,82.1524158686914063,0
118.9716499244675418,81.6074953928720817,0
117.0473158383398697,81.0625749170527712,0
115.1229817522122119,80.5176544412334749,0
113.1986476660845682,79.972733965414136,0
111.2743135799569103,79.427813489594854,0
133.8214021376695086,87.8911932855542943,0
131.8970680515418508,87.3462728097348986,0
129.972733965414136,86.801352333915645,0
128.048399879286535,86.2564318580962777,0
126.1240657931588487,85.7115113822770098,0
124.1997317070311766,85.1665909064576852,0
122.2753976209035329,84.6216704306383178,0
120.351063534775875,84.0767499548190642,0
118.4267294486482172,83.5318294789997395,0
116.5023953625205451,82.9869090031804291,0
114.5780612763928872,82.4419885273611328,0
112.6537271902652435,81.8970680515417939,0
110.7293931041375856,81.3521475757225119,0
133.2764816618501982,89.8155273716819664,0
131.3521475757225403,89.2706068958625707,0
129.427813489594854,88.7256864200433171,0
127.503479403467253,88.1807659442239498,0
125.5791453173395524,87.6358454684046819,0
123.6548112312118803,87.0909249925853572,0
121.7304771450842367,86.5460045167659899,0
119.8061430589565788,86.0010840409467363,0
117.8818089728289209,85.4561635651274116,0
115.9574748867012488,84.9112430893081012,0
114.0331408005735909,84.3663226134888049,0
112.1088067144459473,83.821402137669466,0
110.1844726283182894,83.276481661850184,0
132.1866407102116057,93.6641955439372964,0
130.2623066240839478,93.1192750681179007,0
128.3379725379562615,92.574354592298647,0
126.4136384518286604,92.0294341164792797,0
124.4893043657009599,91.4845136406600119,0
122.5649702795732878,90.9395931648406872,0
120.6406361934456442,90.3946726890213199,0
118.7163021073179863,89.8497522132020663,0
116.7919680211903284,89.3048317373827416,0
114.8676339350626563,88.7599112615634311,0
132.7315611860308877,91.7398614578096101,0
130.8072270999032298,91.1949409819902144,0
128.8828930137755435,90.6500205061709607,0
126.9585589276479425,90.1051000303515934,0
125.034224841520242,89.5601795545323256,0
123.1098907553925699,89.0152590787130009,0
121.1855566692649262,88.4703386028936336,0
119.2612225831372683,87.92541812707438,0
117.3368884970096104,87.3804976512550553,0
115.4125544108819383,86.8355771754357448,0
113.4882203247542805,86.2906566996164486,0
111.5638862386266368,85.7457362237971097,0
109.6395521524989789,85.2008157479778276,0
