139.818115 68.600621
138.465693 69.155604
136.982256 68.903614
115.784002 62.127395
113.974998 61.220306
68.385830 82.330963
66.463283 81.731580
64.827873 80.985077
63.236795 80.452164
61.661293 80.431670
60.148514 80.585884
58.191088 80.482089
55.936216 79.589854
52.923284 77.743156
50.468413 74.412770
71.891506 83.837792
69.743063 83.682237
67.728423 83.096455
66.177415 82.824891
64.687404 82.340247
63.145625 82.040812
61.466757 82.126587
58.177432 81.577856
55.171001 79.758679
51.963363 76.537873
71.034793 84.970578
68.468070 84.479078
67.639311 84.279058
66.132536 84.193210
64.608989 83.889189
62.898857 83.456109
58.899463 82.025993
56.234965 80.480718
53.603760 78.388337
68.982735 85.020920
66.811152 84.230614
65.143493 83.913052
63.477173 83.599331
61.630952 83.018874
59.422438 82.239996
92.483617 84.739877
91.541099 84.726916
90.330556 84.654158
89.095329 84.702190
88.011551 84.704711
87.134351 84.661016
84.933920 84.368285
82.130429 84.301331
79.461642 83.719444
76.593086 83.528468
73.742340 83.785667
70.482012 82.830687
85.154607 84.593333
83.832459 84.728619
82.215484 84.636679
80.588408 84.630988
79.246568 84.545619
78.374730 84.706426
76.342988 84.652209
74.436618 84.690759
71.891506 83.837792
77.074382 84.627046
75.327233 84.559944
73.826282 84.994324
72.139934 84.910688
71.034793 84.970578
68.982735 85.020920
93.612359 83.495978
91.639016 83.309686
89.448005 83.332836
61.445043 78.346872
59.876394 78.835807
58.251800 78.956518
90.727755 59.689801
89.132150 58.317970
88.237390 56.829083
141.155191 64.074954
138.295728 63.533973
135.690943 64.010362
146.568319 68.595742
143.511654 68.547010
141.435343 68.348665
144.994708 66.621415
142.412894 66.091952
139.565039 66.100779
137.605756 66.222422
135.988302 66.610887
149.933886 71.367938
147.486419 70.799425
145.107221 70.762599
143.336538 71.079764
141.811042 71.287926
140.357948 71.128589
138.757055 71.326396
136.785726 71.215819
151.339609 73.618372
148.630100 73.474164
146.607230 73.239441
144.916613 73.589309
143.272870 73.679106
141.587308 73.577093
139.613234 73.290651
137.411086 72.904164
134.922646 72.694269
154.748073 76.139008
152.327638 75.831622
149.953660 75.848508
148.014802 75.993588
146.249494 75.958950
144.456682 75.826412
142.360654 75.612210
139.985663 75.087685
137.586649 74.600959
135.221082 74.313990
132.868858 74.330928
156.441439 78.353545
153.705568 78.414595
151.458495 78.207648
149.448656 78.364763
147.500958 78.240178
145.393253 77.993719
143.048604 77.552410
140.623477 77.016203
138.340387 76.559833
136.195335 76.216040
134.080337 76.027756
131.954470 76.131240
158.410088 80.641573
155.623950 80.686686
153.253306 80.798735
151.108822 80.540255
148.877834 80.452265
146.490673 80.141649
144.078068 79.665324
141.810205 79.265307
139.750219 78.900739
137.749288 78.550376
135.708343 78.154807
133.651189 77.939884
131.673286 78.046146
158.537834 83.320207
155.621069 83.172949
153.070981 83.229291
150.560839 82.593757
147.993972 82.374315
145.551200 82.058068
143.363989 81.627670
141.248565 81.327566
139.191961 80.904248
137.160067 80.538878
135.245098 80.144159
133.448410 79.996443
131.691576 80.041668
159.927586 91.126491
158.003252 90.581571
156.078918 90.036650
150.495439 84.813023
147.658282 84.613581
145.251985 84.310948
142.971492 83.731103
140.866775 83.480166
138.897481 83.079260
137.041306 82.781198
135.252036 82.262332
133.452010 82.092814
131.515985 82.015593
157.458332 92.505905
155.533998 91.960984
153.609663 91.416064
151.685329 90.871143
149.760995 90.326223
143.546693 86.241666
141.162181 86.053012
139.067602 85.480555
137.001663 85.188629
135.028759 84.273755
132.835032 84.041255
130.544816 83.925258
153.064743 93.340398
151.140409 92.795478
149.216075 92.250557
147.291741 91.705637
145.367407 91.160716
143.443073 90.615796
141.518738 90.070875
134.463508 86.411612
131.934051 86.094959
129.660452 86.084497
150.595488 94.719812
148.671154 94.174891
146.746820 93.629971
144.822486 93.085050
142.898152 92.540130
140.973818 91.995209
139.049484 91.450289
137.125150 90.905368
135.200816 90.360448
146.201900 95.554305
144.277566 95.009384
142.353232 94.464464
140.428898 93.919543
138.504563 93.374623
136.580229 92.829702
134.655895 92.284782
141.808311 96.388798
139.883977 95.843877
137.959643 95.298957
136.035309 94.754036
134.110975 94.209116
117.576463 52.825180
115.444367 51.886778
113.022472 50.864209
125.830798 62.129021
123.216501 60.873039
121.211006 58.727893
119.255229 56.727886
117.405158 55.306444
115.356613 54.643734
113.633040 53.731058
111.421905 53.365830
134.266896 62.011660
131.822299 62.968993
129.894402 64.070069
128.188585 65.006657
126.425104 65.546460
124.527795 65.238900
122.885866 63.986524
121.540990 62.193068
120.101879 60.317393
118.286139 58.780031
116.492284 57.654869
114.820652 56.948832
112.835971 56.354567
134.641226 67.510249
132.865623 67.820330
130.830173 68.748349
128.296351 69.631412
125.919741 69.840615
123.655959 69.446589
121.453543 68.403555
119.630402 66.772211
118.331372 64.965353
117.316745 63.304143
133.660201 65.088063
131.794717 65.924252
130.008023 66.883197
128.188219 67.660975
126.240932 67.960069
124.214020 67.594024
122.299279 66.580631
120.855337 65.015767
119.892445 63.358659
118.855438 61.783647
117.406532 60.642190
115.803762 59.700917
113.595474 59.081551
103.245040 49.703968
101.366094 50.946533
99.612643 51.888933
97.711923 51.056177
95.633891 50.198697
93.344634 48.905129
90.888450 47.189277
113.022472 50.864209
110.289752 50.441289
107.926440 50.485968
105.817540 51.107294
104.169272 52.362619
102.706927 53.583866
101.155318 54.478963
99.468873 55.041996
97.684512 54.418222
95.929352 53.284485
94.060051 51.749308
91.475051 50.127119
88.825823 48.733540
111.421905 53.365830
109.457409 53.137078
108.024609 53.361930
106.642597 53.964974
105.145728 54.668736
103.525307 55.735139
101.603899 56.763760
99.596656 57.247220
97.588251 56.941856
95.727686 55.996369
94.233771 54.338260
92.521992 52.399564
89.774989 50.935891
112.835971 56.354567
110.974869 56.008469
109.520857 55.683797
107.874181 56.049817
105.896171 56.674474
103.517929 57.787751
101.188478 58.771158
99.107560 59.129404
96.995452 58.837095
94.948545 58.037357
93.384546 56.583670
92.413118 54.713565
90.861083 52.944186
111.643164 60.513860
109.742686 59.946677
107.448086 59.991232
104.917775 60.608121
102.815913 61.537426
101.018258 62.285067
99.258838 62.671996
97.329390 62.535580
95.126038 61.988457
92.815219 61.024568
113.595474 59.081551
111.461138 58.384050
109.533148 58.042704
107.322826 58.200776
104.902248 58.877733
102.422805 59.954653
100.289967 60.694266
98.252403 60.816646
96.056365 60.429064
93.847625 59.595048
92.036743 58.299216
90.935008 56.691828
90.273491 55.114974
87.032577 47.774444
84.804204 47.391360
87.667778 45.976955
86.652039 50.017182
84.165794 49.648967
82.429543 48.863635
80.403729 48.499376
82.411111 46.877948
88.332031 51.842123
85.448166 51.553871
82.287696 51.076725
79.874638 50.663648
77.912792 50.287024
75.772253 50.135102
78.154104 48.001646
87.067075 55.836470
85.671009 55.220187
84.178153 54.668581
82.295602 54.182719
80.046905 53.896939
77.500370 53.885051
75.145745 54.318613
72.950640 54.924851
70.856204 55.348320
68.694537 54.311503
88.869755 54.018440
86.848436 53.218912
84.019520 52.628468
81.204973 52.522921
78.471554 52.391441
75.922136 52.356114
73.693593 52.343603
71.462158 52.149411
56.387734 58.033487
55.776319 59.913772
53.316201 59.069421
56.356593 56.142265
56.964887 61.317936
53.187639 61.418683
50.909291 60.747466
48.841817 59.841802
58.097402 62.618427
54.872753 62.411125
51.527924 63.078516
49.321413 63.495642
47.218235 62.397267
57.240261 64.503792
55.353167 64.169441
53.003829 64.332288
50.695385 65.408174
48.750424 66.146569
46.969224 64.639059
56.114332 66.690633
54.613455 66.284293
53.029031 66.512565
51.510105 67.347065
50.072454 68.297449
48.213858 68.175882
45.600075 64.957661
54.144950 70.951514
54.013735 68.908776
52.566185 69.702379
51.340563 70.095739
50.287715 70.769098
48.946109 69.932380
46.120432 66.234174
54.539439 73.616242
53.353862 73.326564
52.611769 72.118582
51.534313 72.671038
50.375539 72.524371
48.620757 71.198713
46.383271 66.797694
56.671122 78.477183
54.982117 77.950185
53.324969 76.933316
51.258084 75.385012
49.132639 72.061997
55.209197 76.201937
53.974502 75.585185
52.819624 74.992160
51.724148 74.354444
49.861412 73.428961
47.839087 69.623007
83.225183 57.468645
82.481004 56.238056
81.020195 56.766239
79.823395 55.917845
78.246029 55.680075
76.274470 55.849338
74.235933 56.634565
72.099522 57.640337
69.850735 57.917997
67.445169 56.561724
81.747846 59.524288
80.208025 59.787918
79.446936 58.459727
77.976687 59.189455
77.354402 57.628924
75.766601 58.287784
74.155702 59.040514
72.426195 59.941494
70.459839 60.348196
68.212728 59.689329
65.678245 58.373884
62.653961 56.790323
81.234696 61.975030
79.446243 61.985775
77.912356 61.884359
76.405013 62.753898
76.133132 60.604917
74.737700 61.841457
73.310139 62.008083
71.841726 62.480574
70.084994 62.466790
68.117227 61.937104
65.811907 60.593870
62.754783 58.928236
59.152427 57.158766
80.519842 64.165908
78.954855 64.383399
77.557113 64.684578
76.241143 65.129081
75.000229 64.855312
73.822052 64.481650
72.504655 64.584963
71.028488 64.539303
69.284967 64.420653
67.355166 63.907262
65.486072 62.462062
63.038548 60.514117
59.138951 59.133235
80.630966 66.365689
78.930790 66.698614
77.439182 67.152715
76.057570 67.620629
74.666406 67.652237
73.398980 67.047964
71.994679 66.682014
70.360150 66.497541
68.410904 66.281869
66.293700 65.670611
64.628183 64.130292
63.089671 62.085939
59.786334 60.571501
81.863066 68.087741
79.831331 68.525370
78.011248 69.236145
76.366862 69.919529
74.708624 70.120396
73.105242 69.579653
71.490699 68.885265
69.602039 68.428984
67.396885 67.991200
65.051155 67.202966
63.330502 65.685969
62.365015 63.670377
60.730296 61.901651
81.979314 70.079287
80.241694 70.498089
78.480498 71.303757
76.717539 72.094402
74.833659 72.311250
72.888773 71.828360
70.927888 70.976820
68.765063 70.221968
66.284374 69.527452
63.766518 68.547069
61.773168 67.166693
60.933618 65.239236
59.948410 63.579464
80.929089 73.127292
79.524511 73.403972
78.144380 74.043851
76.529217 74.408771
74.672431 74.380946
72.612819 73.801432
70.427487 72.736357
68.012859 71.722301
65.202290 70.883898
62.527397 69.843102
60.373170 68.656269
59.007148 67.213278
58.682935 65.457683
80.216942 76.848853
78.943303 76.375958
77.577610 76.625215
76.031400 76.609356
74.213954 76.418523
72.165285 75.669069
69.917683 74.291424
67.349690 73.028035
64.291168 72.158636
61.485765 71.295998
59.372239 70.347486
57.577732 69.534770
56.561368 68.259894
80.824977 79.451485
79.345630 79.111189
77.753388 78.882518
75.957740 78.759604
73.903481 78.460506
71.687447 77.587841
69.494997 75.911441
66.843418 74.347476
63.532779 73.536108
60.880884 73.001864
58.768416 72.360937
57.052468 71.796394
55.567910 71.321212
83.007366 81.475751
80.869576 81.356473
78.596276 80.995684
76.301737 80.736782
73.865979 80.385915
71.337564 79.566625
69.109969 77.858338
67.172486 76.028261
64.436489 74.930001
61.142965 74.798344
58.809741 74.648086
57.111833 74.395581
55.750162 73.986511
86.798458 83.423517
83.758029 83.296017
80.990547 83.262378
78.133503 83.137254
75.204343 83.005527
72.610298 82.543144
69.477913 81.675603
67.077411 80.563928
65.075833 79.226305
63.213441 78.329439
85.362994 82.735112
82.378428 82.658000
79.687103 82.309716
77.050880 82.152379
74.291696 81.974155
71.486732 81.349504
68.872495 79.988727
66.803366 78.145898
64.860340 76.741955
62.392990 76.241584
59.912844 76.659398
58.134532 76.954119
56.572119 76.703014
107.065033 61.885575
105.045590 62.418201
103.263381 63.214979
101.620263 64.018829
100.023624 64.670406
98.337843 64.885831
96.482556 64.420554
94.371065 63.671049
92.100645 62.581520
89.915513 61.223543
87.839377 59.816558
86.122956 58.625685
84.640971 57.840483
106.268432 64.036499
104.373765 64.706211
102.651932 65.621546
101.053333 66.511232
99.466993 67.165061
97.744735 67.133598
95.955091 66.386922
93.887048 65.372283
91.503545 64.141481
89.281387 62.885046
87.406720 61.648906
85.467092 60.676492
83.420714 60.055261
105.831567 66.281109
104.111710 67.035084
102.517663 67.992116
100.937490 68.913163
99.248819 69.493528
97.456574 69.352691
95.746402 68.461921
93.988895 67.201223
91.668185 65.799814
88.796465 64.540793
86.587858 63.469322
84.867593 62.654744
83.077411 62.199865
106.188231 68.508192
104.551827 69.146759
102.850136 70.104317
101.040685 71.077046
99.177776 71.637029
97.221136 71.491398
95.376752 70.628946
93.856129 69.193159
92.262435 67.516962
89.751134 66.156648
86.634117 65.310539
84.159944 64.694060
82.239784 64.289496
106.711156 70.663779
104.750853 71.285452
102.700139 72.313324
100.760677 73.290074
98.822898 73.709520
96.711734 73.440883
94.656920 72.585115
93.028439 71.162700
91.894014 69.487952
90.389795 67.934350
87.946554 66.794122
85.163390 66.449282
82.644658 66.281527
105.450330 73.201909
103.477341 74.095356
101.747100 75.080947
100.086104 75.787312
98.168975 75.753019
95.969228 75.320890
93.719048 74.336739
91.844322 72.888732
90.535760 71.301082
89.577642 69.828222
88.208283 68.727279
86.223804 68.122415
83.954006 67.857233
104.052834 76.209851
102.577037 77.193107
101.327002 78.273642
99.652741 78.322161
97.727174 77.983536
95.412644 77.420534
92.887299 76.169618
90.677054 74.517553
88.990426 72.986572
87.739806 71.662324
86.761596 70.384680
85.188069 70.277274
83.687565 69.915159
103.905565 79.388204
103.496349 80.835923
102.061987 81.112446
100.415803 80.590406
98.467799 80.227233
96.098362 79.750685
92.799266 78.474871
89.975515 76.496491
87.886606 74.923760
86.244354 73.831665
84.875189 73.047825
83.459214 72.963675
82.218163 72.289190
106.685785 82.670854
105.864093 83.526922
104.367275 82.851099
102.603339 82.651351
100.486579 82.135712
98.224278 81.580817
95.353742 80.983303
90.433125 78.883600
87.581968 77.284741
85.620671 76.442636
84.038852 76.112098
82.646983 76.056655
81.386872 76.315556
110.030363 84.864890
108.819176 84.162399
107.535342 84.534608
105.946886 84.871387
103.354107 83.940074
100.785567 83.272051
98.287847 82.808275
94.075761 81.277401
88.794832 79.760590
86.585695 79.355209
84.948663 79.174791
83.553272 79.304671
82.250006 79.664958
112.550347 87.088145
111.134981 86.812130
109.406913 86.477133
107.661665 86.225455
104.545182 84.840721
102.033745 84.053379
99.633963 83.715149
96.938913 82.645375
92.798761 81.182710
90.685028 80.944750
88.363188 81.160958
86.530288 81.320456
84.755353 81.393480
101.787013 85.357265
99.965478 84.998779
98.392858 84.860045
97.014819 84.834163
95.830548 84.772220
95.156557 84.693486
94.453929 84.613318
111.411027 88.232025
108.889575 87.271690
106.117356 86.336067
104.415888 85.829021
103.426323 85.556623
101.751277 85.342346
100.681765 85.091462
98.419390 84.263557
96.266396 83.420799
94.862637 82.781234
92.096835 82.167542
90.088891 82.253310
87.973380 82.579944
135.341538 69.478292
133.064953 69.787975
130.063591 70.584431
127.295560 71.270480
125.042940 71.430035
122.800661 70.999282
120.503239 69.909230
118.421251 68.176776
116.735664 66.177321
115.210827 64.411686
113.383448 63.134779
111.419649 62.315675
109.191037 61.902084
134.320533 71.217862
131.546023 71.462410
128.660511 72.240464
126.272837 72.890876
124.155663 73.027054
121.975355 72.560331
119.787057 71.481522
117.681498 69.799638
115.816431 67.835450
114.096745 66.113259
112.284690 64.876185
110.331355 64.100271
108.287587 63.867667
132.188515 72.865590
129.632068 73.414755
127.348293 74.128606
125.252525 74.671291
123.241726 74.760917
121.243848 74.259699
119.305074 73.199914
117.369057 71.613169
115.343165 69.719077
113.471943 68.051471
111.673231 66.853793
109.744510 66.140260
107.736797 65.963515
130.576806 74.705090
128.422231 75.363010
126.384780 76.078553
124.416903 76.576108
122.463734 76.627350
120.553058 76.085287
118.767886 75.023576
117.085913 73.517936
115.267515 71.770458
113.282240 70.188364
111.364987 69.046751
109.561271 68.387990
107.843034 68.225323
129.890875 76.568110
127.900248 77.240786
125.919016 77.968482
123.925333 78.492361
121.919768 78.567946
119.945135 78.062998
118.121423 77.007073
116.527350 75.526876
115.014226 73.896840
113.372115 72.489475
111.694006 71.496347
110.087571 70.843776
108.471356 70.555446
129.759063 78.452186
127.804709 79.068892
125.731692 79.807744
123.619289 80.376178
121.556529 80.559738
119.456213 80.170404
117.416196 79.131157
115.635828 77.585426
114.134346 75.916845
112.674460 74.522620
111.084568 73.520513
109.361997 72.917937
107.480472 72.794494
129.807816 80.338894
127.627499 80.911871
125.286547 81.666855
123.173113 82.297892
121.216587 82.687873
119.120956 82.468551
116.948782 81.517011
114.872127 79.877593
113.047765 78.018163
111.380687 76.502380
109.633358 75.499646
107.739067 75.125589
105.792236 75.421581
129.275252 82.222488
126.793307 82.826125
124.556262 83.686507
122.709835 84.523764
121.021902 85.103190
119.157285 84.971358
117.096835 84.308592
114.823630 82.741441
112.611038 80.710005
110.613616 79.029399
108.728046 77.988133
106.844385 77.763575
105.188008 78.375550
128.190707 84.160622
125.883374 84.966038
124.090134 85.995888
122.847182 86.867564
121.512242 87.084293
120.023678 86.901532
118.380153 86.651046
116.545257 86.010393
114.117587 84.467889
110.980560 82.336099
109.045619 81.360361
107.459116 80.855668
105.944016 81.220896
127.460974 86.223268
125.820847 87.119696
124.774607 87.847787
123.971876 88.569814
122.721067 88.435342
121.461907 88.323973
120.067423 88.118465
118.610945 87.869892
116.981200 87.437505
115.302280 86.617702
113.682869 85.853162
112.350547 84.972224
111.178466 84.298782
128.721421 88.217709
127.243641 88.420013
126.748931 89.547796
125.990023 89.511638
124.191517 89.529912
122.437445 89.645677
121.041638 89.538748
120.014424 89.412341
118.722253 89.061650
117.387809 88.637818
116.022559 88.453353
114.944018 88.072718
113.870355 87.489486
132.186641 93.664196
130.262307 93.119275
128.337973 92.574355
126.413638 92.029434
124.489304 91.484514
122.564970 90.939593
120.640636 90.394673
118.716302 89.849752
116.897331 89.566144
115.227999 89.663860
132.731561 91.739861
130.807227 91.194941
128.882893 90.650021
126.958559 90.105100
125.034225 89.560180
123.089318 89.475218
121.361011 89.648668
119.808139 89.653718
118.140079 89.575615
116.538088 89.531347
114.848013 89.529599
113.742223 89.224673
112.870827 88.848620
