145.083316 71.251069
143.431981 70.292992
141.750611 69.253203
121.279564 58.547674
116.223899 59.133491
57.077568 80.707849
57.611307 80.625425
56.732867 81.036029
58.120384 78.948530
57.818737 79.362216
57.577714 79.737509
57.369878 80.102688
56.932871 81.065263
47.852531 67.342414
46.875020 67.834765
57.735567 80.567861
56.884866 80.963033
56.898255 81.158720
56.941081 81.043602
57.444451 79.966525
57.652627 79.615917
57.467048 79.926456
56.953143 81.012111
56.498593 81.148536
55.226270 81.767799
72.572600 88.294478
56.955691 81.005510
56.668164 81.067102
56.575236 81.111729
56.893988 81.170490
56.830485 80.989149
57.289093 80.257600
56.613779 81.093219
55.282859 81.739548
71.392441 89.029780
70.440505 89.659338
57.699954 80.584359
56.878942 80.965878
56.734761 81.035119
56.757523 81.024188
91.775756 84.703701
90.634568 84.547908
90.635533 84.556036
91.307122 84.597738
89.998656 82.817674
89.838600 82.828618
74.040526 87.454287
73.806825 87.583088
74.423123 87.819405
74.320453 87.658480
64.039499 77.845585
62.104985 78.647295
90.650192 84.689526
91.186038 82.768138
74.440309 87.846343
74.100146 87.421429
74.038442 87.455436
74.336787 87.684081
74.240759 87.533566
74.173036 87.427413
57.735567 80.567861
74.094894 87.424323
74.249679 87.547548
74.173970 87.428879
73.509617 87.747264
72.572600 88.294478
71.392441 89.029780
90.635964 84.559684
89.910086 82.035758
90.530378 83.899164
58.375699 78.636977
58.010813 79.092523
57.734691 79.487989
89.211024 52.809523
92.151708 53.216091
90.404136 52.728423
146.041970 68.230193
143.960743 67.239379
142.121650 66.471664
150.828184 73.120401
147.823119 72.613858
146.457225 71.985666
149.173261 71.201629
147.293229 70.186686
145.073843 69.779433
143.194853 68.833071
141.044619 68.139237
153.676404 76.511123
152.246004 75.292683
150.513861 74.744319
148.948154 73.630938
144.564166 73.699780
143.139104 72.822471
141.785969 72.007669
140.502562 71.250446
155.418824 78.685781
154.394280 77.408593
149.619940 76.984176
148.004463 75.902090
146.437388 74.883155
144.931908 73.928663
143.488441 73.035022
142.118066 72.205277
140.817028 71.433512
158.258600 82.339314
156.680707 80.534241
152.953300 79.316055
151.263365 78.116803
150.028937 77.263960
148.402797 76.167805
146.823202 75.131812
145.304205 74.161403
143.843352 73.251194
142.454745 72.406078
141.137025 71.621528
158.981973 83.919944
156.681590 82.099992
155.176118 80.951343
153.826303 79.949789
152.101616 78.704471
150.439371 77.544727
148.805269 76.436552
147.212595 75.385708
145.677820 74.399368
144.200732 73.473579
142.793854 72.612406
141.459185 71.813223
161.765050 86.242281
160.097633 84.832708
157.818794 82.989355
155.663630 81.319926
154.271558 80.277948
152.524838 79.008125
150.852031 77.828438
149.211848 76.708042
147.606629 75.642631
146.054824 74.639491
137.011563 80.434281
135.210423 79.351602
134.203421 78.767174
162.363331 86.758446
160.889937 85.498024
158.440322 83.484306
156.187088 81.716354
154.720262 80.608649
153.388060 79.628511
151.680030 78.408906
143.609290 84.847600
141.009530 83.018361
139.259568 81.856155
137.663225 80.836392
135.787832 79.693108
134.735849 79.074592
163.541670 87.927557
161.590319 86.091533
159.533471 84.370880
157.176299 82.483796
153.095185 100.009590
148.679017 88.792102
146.410210 86.959569
144.511293 85.510894
141.824317 83.578599
140.108159 82.413466
138.442549 81.329843
136.329194 80.018060
131.853380 84.960472
162.283388 86.689475
153.095185 100.009590
153.095185 100.009590
153.095185 100.009590
150.170622 90.060669
147.506047 87.830449
145.437856 86.208584
142.691560 84.188209
137.457749 88.370697
134.965913 86.812567
133.568913 85.969260
132.393656 85.274993
153.095185 100.009590
153.095185 100.009590
153.095185 100.009590
145.345976 93.828222
141.993975 91.402876
140.131646 90.124455
138.327551 88.931849
135.731224 87.283679
134.222670 86.360347
132.914778 85.580030
153.095185 100.009590
153.095185 100.009590
146.857871 94.982255
142.982940 92.100252
141.052675 90.751337
139.172972 89.484309
136.599705 87.824221
132.822346 97.050926
132.090636 96.545838
153.095185 100.009590
144.056973 92.874136
137.284973 100.399126
135.980214 99.370458
134.553222 98.293574
133.146648 97.279968
132.408999 96.764741
137.865938 100.869719
136.510575 99.783744
135.131530 98.724541
133.668169 97.649715
132.756495 97.004418
122.333387 55.371450
120.469861 54.492575
118.816227 53.661271
137.140071 62.004220
122.087627 55.909251
121.799218 56.728505
121.925013 56.336183
122.320376 55.397492
122.333595 55.371035
119.848299 55.340232
117.282811 54.960385
140.668491 64.420878
139.138161 63.724838
136.941218 62.700603
136.945950 62.684035
136.833715 63.077080
136.707789 63.518076
121.481958 57.838890
121.379470 58.197802
121.182018 58.889281
121.586526 57.472692
121.691657 57.104521
118.690883 55.916651
115.755433 56.273699
139.751872 68.035605
138.501791 67.480877
138.210318 66.483623
136.182222 65.358613
136.084934 65.699316
135.723814 66.963961
120.992301 59.553671
120.891699 59.905979
121.087205 59.221315
117.778586 59.813009
140.220792 66.246161
138.801516 65.193530
136.594443 63.915014
136.487364 64.290004
136.383675 64.653124
136.281615 65.010537
118.531289 57.964447
117.929050 57.106179
119.386141 57.926942
116.962370 57.020268
119.618628 56.688661
115.922142 59.003433
114.590301 58.430536
110.414105 49.921923
108.713485 49.455526
108.741149 49.171133
108.774126 48.846641
108.813109 48.464528
92.800675 45.847950
92.809297 45.777656
118.816227 53.661271
116.630604 52.633004
114.829986 52.361755
113.485606 51.163056
112.107756 50.611748
110.884278 51.418135
108.563969 51.073075
108.596108 50.707068
108.630987 50.325377
108.669016 49.914425
92.589255 47.890531
92.635736 47.418504
92.686901 46.916995
117.282811 54.960385
115.623294 54.250430
114.189938 53.962594
112.897401 53.237279
111.758705 52.468182
108.422752 52.797348
108.448827 52.464623
108.475597 52.123019
108.504132 51.777521
108.533146 51.428316
92.424581 49.672921
92.462416 49.242041
92.503060 48.798575
115.755433 56.273699
114.479620 55.683440
113.464579 55.387153
112.485344 54.915210
111.502510 54.490268
110.570520 54.227695
110.624753 53.033019
108.375609 53.435696
108.398651 53.122850
92.295215 51.238890
92.324975 50.859135
92.356162 50.479471
92.388896 50.085485
115.029698 58.618801
113.588116 58.005588
112.470205 57.539900
111.394398 57.099971
110.033674 56.559778
108.273067 54.959501
108.334102 54.029114
109.232952 56.255877
108.969667 56.155952
88.819517 52.845991
114.590301 58.430536
113.306286 57.886085
112.197180 57.427066
111.124449 56.992410
109.758857 56.455476
108.294551 54.624986
108.654963 56.036511
108.244297 55.436563
108.205226 56.120104
89.607123 52.772627
89.936064 50.764991
89.473187 50.052721
92.224605 52.174684
92.747216 46.343729
90.651259 45.782635
89.344070 45.847039
92.544706 48.348747
90.331998 47.507534
88.669453 47.364629
87.097425 46.818970
84.820913 46.385480
90.339015 48.936520
88.708506 48.911003
87.295945 49.231538
85.807495 48.838518
84.244131 48.820231
82.511484 48.099241
79.958890 47.504418
87.306933 53.013292
86.214405 53.166992
84.822776 53.411380
83.824196 53.605145
82.704156 51.356852
81.435283 51.750159
80.487384 50.500474
78.229148 49.868850
77.197360 48.373197
75.217275 48.962381
88.052590 52.917430
87.857639 50.695450
86.331786 50.706510
85.019008 50.868703
83.800310 50.731073
82.113060 49.766842
79.952494 49.234266
78.240809 48.012947
60.046384 54.873364
60.562447 56.748036
58.173642 56.809091
57.507895 55.721409
58.923598 59.224396
58.269793 58.184122
56.618948 57.805551
55.328680 56.603534
58.791131 60.268143
57.456946 60.332712
56.182313 59.358753
54.462199 59.021844
52.332110 58.321072
55.549259 63.830906
56.275995 61.046994
54.986785 61.358461
53.504281 60.517879
51.756357 60.796304
50.002576 60.087498
54.370130 64.332841
53.201985 64.841229
53.665241 62.131782
52.287244 62.608116
50.995645 62.860196
49.390315 62.007935
47.517227 61.643897
53.589749 64.672470
52.438580 65.181326
51.315815 65.687963
50.225212 66.193194
49.806344 63.777687
48.370806 63.992439
46.070044 63.268303
52.818418 65.011061
51.687080 65.518194
50.585253 66.026402
49.186872 66.688643
48.192192 67.172847
47.191074 64.849888
45.817490 65.444037
57.515749 79.841858
49.870465 66.360356
48.852381 66.849278
47.490078 67.523358
46.912002 67.814970
52.061688 65.350272
50.949546 65.857640
49.526027 66.525768
48.522617 67.008046
47.071644 67.732310
46.861854 67.841872
85.508952 53.285212
84.152620 53.535032
83.179542 53.748777
82.235032 53.961081
81.011197 54.275764
80.083164 51.794911
78.227303 51.015084
75.652799 50.524322
75.436607 49.696975
75.246466 49.047265
85.163878 53.348661
83.500119 53.677351
82.546781 53.889758
81.622297 54.118346
80.395861 54.437714
79.524394 54.689011
76.045195 51.962458
75.947170 51.612386
75.752232 50.897601
75.548939 50.130038
75.287042 49.170670
59.896095 54.306289
84.485785 53.473342
82.860634 53.819831
81.928332 54.039513
80.703962 54.354906
79.804619 54.608205
78.325033 52.365237
76.532720 53.649697
76.615506 55.597639
76.143059 52.311140
75.850553 51.258954
60.444741 56.328909
60.194474 55.423048
59.989041 54.658095
86.666816 66.835338
86.012434 66.904918
81.316969 54.196998
80.095009 54.524468
79.228450 52.457098
76.753035 55.551124
76.511402 55.632849
76.627472 53.964009
76.719721 54.270017
76.242451 52.656997
60.912240 57.953800
60.679390 57.154966
60.322392 55.890982
86.358097 66.864717
85.372794 66.981228
84.460064 67.103357
79.257737 54.765905
77.198845 55.402302
79.003348 54.839260
78.166506 55.097290
76.817390 54.587102
76.339849 52.995106
62.208475 61.123774
61.264117 59.125553
61.029810 58.350811
60.795154 57.556103
85.731639 66.938417
84.727420 67.064525
83.860453 67.190446
81.755943 67.559703
80.446583 67.833871
77.793917 55.214732
78.478482 54.998954
77.105451 55.508080
58.707069 62.525207
59.480683 62.212642
60.595155 61.765244
61.380986 59.504343
61.147365 58.740766
85.101576 67.013585
84.125158 67.152000
80.014262 71.564751
80.883253 67.735026
84.173253 70.208545
79.972523 67.941443
78.751422 54.913154
76.437497 53.326782
57.921537 62.845233
58.313824 62.685415
59.096540 62.366985
59.856176 62.061775
61.992529 61.209241
85.424434 69.867780
84.812646 70.024170
81.348953 67.640781
83.244619 70.482359
83.835045 70.306071
82.879875 70.597328
82.462842 70.728778
59.955096 79.569923
61.498254 59.882161
61.760499 60.709354
60.223458 61.914207
62.191794 61.130376
56.736173 63.334036
85.078027 69.957014
82.121599 70.836866
82.371077 67.439991
83.492295 70.404907
79.317417 68.097943
82.999944 70.139336
57.813015 80.531982
59.306594 79.855809
64.563407 74.209665
61.005612 61.601912
61.620674 60.270013
57.132696 63.169551
55.943161 63.663862
84.492479 70.116493
81.686764 70.983937
80.704257 71.318087
83.191555 67.298916
81.199589 71.148710
57.959730 80.464015
58.204210 80.350758
58.632682 80.157896
63.374678 74.930954
62.180810 75.693489
57.527692 63.005737
56.338227 63.499111
54.763492 64.164129
89.850956 81.913737
82.839604 67.359431
82.085159 67.494119
83.484138 67.248608
59.835901 77.310714
60.451970 76.872439
61.063565 76.444244
60.649415 79.267749
62.664510 75.381841
59.233913 77.780312
58.849577 78.132485
55.156368 63.997520
53.978914 64.503102
90.583730 84.189760
91.201757 82.767782
73.771781 87.602402
74.527882 87.983605
61.376663 76.232227
65.632319 77.199701
62.984545 78.280602
61.326068 78.977613
57.739127 80.566211
58.685390 78.297633
89.946673 82.113973
89.886551 81.986566
74.952558 88.640495
59.458616 77.594265
59.665119 77.434839
60.005136 77.190319
60.210593 77.044155
60.724538 76.678532
61.726852 75.995093
59.032979 77.958747
58.518038 78.476197
58.241006 78.797394
57.910687 79.230195
113.870929 58.125506
112.746039 57.653895
111.661419 57.206365
110.310282 56.668007
108.011263 55.804132
108.314101 54.320568
108.354246 53.736917
109.491004 56.353817
88.432103 52.882078
90.793373 52.712386
90.008343 52.744775
92.690013 52.682452
86.939031 53.065049
114.156002 58.246384
113.024714 57.769064
111.928217 57.315910
110.583701 56.776950
108.195203 56.303055
102.970699 71.206674
90.042428 69.002208
90.386439 68.970164
91.190783 52.696013
92.147192 52.674227
92.263396 51.648006
87.677264 52.961193
86.575579 53.116181
109.237948 68.654417
108.579289 68.499305
104.854074 71.932604
107.204463 68.190220
107.044881 72.827285
104.139855 71.650408
110.855109 56.885092
91.173400 66.564268
92.785920 68.885765
93.666937 68.928784
92.018599 68.875650
88.803150 66.661494
85.858678 53.221302
103.156759 71.277290
105.681415 67.877111
106.854645 72.748070
108.131497 71.548962
108.102485 70.902065
106.742761 68.090732
107.436772 72.993455
89.220313 69.103639
89.699691 69.034134
92.349787 68.879157
90.886783 68.922282
88.535239 66.680145
87.547572 66.752455
106.181653 72.469939
106.987468 72.802962
108.863694 68.565524
108.778415 68.545668
104.302782 71.712943
108.954923 68.586765
91.782294 66.648110
89.522826 69.061080
91.495165 66.556979
90.695367 68.941388
94.362345 66.576724
88.165203 66.705907
87.290481 66.776648
106.483612 68.035831
107.011309 68.148599
108.095063 70.728311
105.764832 72.297678
109.010317 68.599662
107.274699 72.924733
90.098759 66.596097
90.444981 66.581077
91.260562 68.906882
90.779331 66.573195
89.157137 66.639235
87.900916 66.724306
87.023038 66.801816
108.116384 71.227464
106.443973 72.578349
106.056429 67.951303
105.153786 67.774009
105.216317 72.076939
108.109467 71.065533
89.812474 66.609212
89.431351 66.626673
93.757995 66.563522
91.891200 66.550368
88.520466 69.202096
87.697004 69.354465
86.843426 69.529676
108.121634 71.342784
104.499548 71.791344
105.651423 72.250809
105.949868 67.930221
103.897357 71.558372
91.487481 82.761309
93.123388 68.889022
91.709819 68.888372
93.243581 66.552284
92.314257 66.550321
88.332903 69.237542
87.359023 69.416610
86.241761 69.663729
110.772147 87.956217
109.962586 85.669591
109.347355 84.737805
109.331067 84.549250
105.817101 72.319280
91.305178 82.765439
93.017358 84.702524
92.960003 84.239822
92.720301 66.550276
88.870370 69.152870
88.021768 69.294751
87.175325 69.455727
86.045059 69.707910
110.305068 85.777808
109.201185 85.433387
109.333847 84.578092
109.140184 85.415101
109.077138 85.396203
92.864884 83.447006
93.005938 84.610393
92.913267 83.853959
92.788053 82.779594
91.310866 82.765310
91.344496 84.690864
86.568552 69.590919
85.714730 69.793001
110.668279 85.895281
109.194259 87.017805
109.305059 86.362727
109.148375 85.417557
93.313257 82.757671
93.309396 82.757587
92.886768 83.631068
92.887534 83.637515
93.309396 82.757587
90.676407 82.786625
89.855251 81.922428
90.654072 84.728727
90.594091 84.254245
109.144279 87.238661
93.119096 85.497262
93.017771 84.705855
93.019769 84.721972
93.018367 84.710664
92.328424 82.750320
89.707549 82.837742
109.193455 87.021598
109.194133 87.018400
109.358690 84.916222
109.245191 86.755953
93.028690 84.793943
93.309396 82.757587
93.303703 82.757463
92.791327 82.808356
91.869722 82.752650
91.760117 84.470903
90.426264 83.450920
90.635500 84.555754
89.929205 82.076359
138.982257 70.372784
137.805780 69.706533
135.220116 68.727915
135.518304 67.683659
136.094086 68.758623
135.744604 68.567618
120.570236 61.058877
118.724314 60.232021
119.036038 60.370132
118.095891 59.953594
117.142514 59.534732
116.832217 59.399175
115.325006 58.746075
139.279423 70.542105
138.099284 69.870284
136.941759 69.224481
135.629547 67.294082
136.382565 68.916287
136.660848 69.068378
119.709461 60.671882
119.355843 60.512898
120.597611 61.071185
118.411340 60.093356
117.459477 59.673201
116.526577 59.265652
115.622722 58.874387
139.579836 70.713379
138.394353 70.037806
137.226087 69.383113
135.285177 68.500071
135.900348 66.345736
135.991080 66.027992
108.209391 73.321064
120.427266 61.532425
120.435862 61.502323
120.773355 60.320421
108.270218 68.427344
108.126318 71.440715
105.867804 72.340234
139.883484 70.890049
138.688133 70.205197
137.514440 69.543990
135.196080 68.268700
135.812469 66.653491
132.747720 77.950020
108.001643 73.232974
113.254688 69.736286
111.991554 69.373776
111.188129 69.154671
105.448219 67.830975
103.634503 71.458610
107.403518 68.233113
140.191387 71.069295
128.462825 83.049479
127.070544 82.293961
125.322466 81.367251
133.536538 78.388798
129.304310 76.134012
108.561140 73.471463
108.649029 73.509342
112.471462 69.509760
111.533082 69.246686
107.797072 68.317951
106.680304 68.077274
107.722578 73.114644
132.318050 77.713163
129.706264 83.738419
127.571934 82.562517
125.997079 81.721535
130.400997 76.694536
130.870459 76.938407
109.698524 68.769521
109.379143 68.689704
109.112003 68.623448
109.514895 73.882519
108.398448 73.401345
106.403779 72.561738
107.090085 72.846452
133.732867 78.500191
129.837291 76.402507
131.388684 77.213259
131.152045 82.974321
131.820940 77.444642
128.007608 82.800687
110.898284 69.077356
110.640607 69.008622
110.610529 74.359568
109.811313 74.010421
108.923936 73.627824
103.401811 71.370296
105.313304 72.115584
130.520538 84.196596
126.526269 82.002436
133.194274 78.196183
127.971558 75.474563
130.140827 83.980869
129.278882 83.499974
110.326423 68.926441
110.002678 68.845533
111.222157 74.626965
110.164162 74.164567
109.211202 73.751631
106.672736 72.672891
105.018371 67.749650
130.963923 84.449230
128.902102 83.289560
124.586165 80.983779
128.650883 75.806171
128.016295 93.955736
128.990913 94.521008
111.265750 86.093663
112.623328 88.861861
112.806763 88.219470
113.361249 86.277657
111.445984 86.153508
111.146844 86.054182
109.595449 87.440639
131.422994 84.710801
127.377304 95.637024
130.285574 95.344356
129.301537 94.715855
128.612065 94.287238
127.759585 94.766988
111.931886 86.321319
111.671794 86.230819
112.626707 88.850027
112.946766 87.729178
110.956073 88.042044
110.866379 85.961057
109.186895 87.052227
131.212639 95.953376
128.826429 96.082050
130.615847 95.559554
129.603810 94.907542
128.064213 93.787927
127.543671 93.638919
112.345830 86.465353
113.545235 86.898457
112.639259 86.568910
112.861981 88.026098
111.379152 88.273289
111.393171 86.135972
110.025705 87.669749
131.791610 96.340925
130.920115 95.757809
127.377422 95.636794
127.377173 95.637280
127.589669 95.188309
127.377299 95.637033
112.630328 88.837347
112.654384 88.753104
112.648290 88.664666
112.039894 88.368748
131.500299 96.145929
129.664595 96.246269
129.496997 95.911635
129.935243 95.117721
127.652891 93.704478
127.562899 93.650460
113.065032 87.315011
113.315566 86.437640
113.269663 86.598391
113.386702 86.840791
112.726993 88.498826
111.317022 86.110687
110.434718 87.789821
