139.022008 68.301631
137.769817 68.922090
136.420417 68.791928
115.459783 61.267096
113.442309 60.597416
67.915201 83.465442
66.578466 82.628635
65.167361 81.656318
63.899475 80.867311
62.442274 80.609985
60.766193 80.753163
58.297557 80.731503
55.492852 80.229602
53.204846 79.816357
51.091160 79.759859
72.031272 85.535666
69.750413 85.345773
68.087018 84.834308
66.585072 84.120085
65.309061 83.256414
63.917559 82.564026
62.292736 82.302756
59.748565 82.047490
56.751470 81.765754
54.257734 81.778117
73.872434 86.690023
70.945017 86.911101
68.959503 86.538457
67.136849 85.935380
65.565781 85.061160
64.223305 84.169846
62.604743 84.006040
60.686506 83.573605
58.111873 83.288161
75.046821 88.411328
72.201250 88.200419
69.708412 88.206446
67.563656 87.722285
65.632636 86.840724
63.813407 85.849274
97.989148 87.626146
96.275642 86.363136
94.498791 85.234007
92.626639 84.728966
90.317210 84.976445
87.817585 85.476571
84.942840 85.436374
82.376878 85.069008
80.087813 85.159523
77.385771 85.148832
74.082389 84.740840
70.052115 84.001830
92.089259 86.416971
89.542723 86.717324
86.965212 87.071278
84.843163 87.051435
82.752542 86.632384
80.829117 86.557370
78.634605 86.258327
75.807712 85.990770
72.031272 85.535666
83.481440 88.575031
81.310284 88.385053
79.233698 87.997378
77.092241 87.450668
73.872434 86.690023
75.046821 88.411328
94.576279 83.511648
92.760354 83.296338
90.479659 83.425901
61.191960 78.831903
59.455789 79.175326
57.407344 79.084621
90.493813 59.818443
88.408669 58.260131
87.055882 56.940330
141.061637 64.564640
138.420567 63.967880
135.581905 63.821780
146.432045 68.948072
143.086687 68.399210
140.726145 68.147811
144.883300 67.070073
142.253612 66.357864
139.123264 66.079108
136.738293 66.017926
134.935273 66.220030
149.931388 71.963050
147.401111 70.955707
144.600582 70.495233
142.713948 70.483213
141.435544 71.278077
140.041159 71.087339
138.413389 71.178109
136.377577 70.821218
151.277318 73.952520
148.224324 73.288683
146.132782 72.834125
144.540381 73.321777
143.059674 73.681730
141.296821 73.502776
139.175276 72.975995
136.385047 72.420918
133.555956 72.047167
154.447746 76.902762
152.093084 76.043652
149.528921 75.575968
147.620476 75.681206
145.929046 75.952441
144.133995 75.702521
141.743666 75.371259
138.978391 74.732900
136.532966 74.156866
134.307508 73.788440
132.193299 73.682115
155.917688 78.884134
153.060590 78.386816
150.856314 78.035171
148.961760 78.272727
147.046962 78.104460
144.653560 77.789562
142.102132 77.278379
139.889404 76.866011
138.018295 76.659753
136.281246 76.265733
134.492043 75.926351
132.492632 75.683115
157.575926 80.812531
154.764795 80.413964
152.459661 80.386774
150.378917 80.386826
148.027876 80.244729
145.515710 79.859092
143.429372 79.678985
141.651604 79.440807
139.983170 79.176294
138.223120 78.938758
136.319575 78.286111
133.975636 77.752920
131.399766 77.339611
157.665067 82.744002
154.597679 82.316843
152.165920 82.363198
149.461989 82.211886
147.084522 82.069889
145.219297 81.986669
143.495294 81.931654
141.642035 81.488518
139.419446 80.979683
136.983810 80.384169
134.778294 79.763980
132.702663 79.414961
130.821497 79.280949
158.544854 84.601001
154.989313 84.212535
151.694020 84.199573
149.046542 84.098113
147.078644 84.048970
145.085212 83.854655
142.594488 83.449676
140.259889 82.888545
138.152437 82.497543
136.266792 82.169967
134.513729 81.755060
132.759000 81.494296
130.867390 81.235544
156.173329 85.970974
152.725847 85.925966
149.507487 85.952131
146.562059 85.662007
144.014908 85.256225
141.959273 85.064148
140.100748 84.721625
138.280650 84.437702
136.428651 84.093747
134.293275 83.569758
131.951804 83.138011
129.621103 82.889509
151.053694 87.368641
147.725379 86.970819
144.747031 86.910218
142.387743 86.938535
140.291215 86.481058
138.153035 86.092973
135.561409 85.512116
133.307854 85.055941
131.244370 84.746083
129.238779 84.627895
149.308024 88.470558
146.384221 88.198440
143.557162 88.500627
140.223219 88.056043
137.337534 87.461537
135.197943 87.126951
133.200213 86.775723
131.203283 86.353450
128.989100 86.254245
145.389969 89.693596
141.714450 89.226258
138.488400 88.928889
136.000836 88.786188
133.693377 88.319880
131.268682 87.745391
128.135399 87.688409
140.201896 90.604556
137.339741 90.477959
134.792960 90.102021
132.840731 89.712900
131.064437 89.159283
117.300687 52.831645
115.289108 51.957383
113.085289 51.216504
125.254039 61.767895
122.544880 60.264495
120.409522 57.846680
118.798371 56.106117
117.108916 54.964367
115.106786 54.280957
113.120046 53.681286
110.857520 53.186742
134.560406 61.848992
131.790054 62.327122
129.566459 63.700151
128.035765 65.237658
126.447098 66.336561
124.409183 66.022815
122.599414 64.582352
121.368256 62.202443
119.199858 59.476154
116.984232 57.657181
115.134337 56.750044
113.555566 56.160996
111.806703 55.983064
133.509121 66.938037
131.998293 67.715888
130.246205 68.657914
127.810620 69.696077
125.414544 69.815034
123.256953 69.250548
121.084217 67.925225
119.207604 65.925055
118.033731 64.031853
117.054718 62.405707
132.795066 64.510658
130.918952 65.829636
129.361553 67.144322
127.763397 68.102896
125.945596 68.416343
123.962460 67.903391
121.979162 66.622443
120.530258 64.686463
119.680392 62.878730
118.732006 61.252846
117.128064 59.933006
115.370238 59.099694
113.304112 58.632250
103.000306 51.264299
102.089360 53.054787
100.971407 54.469403
99.534824 53.045721
97.375017 52.630554
94.445535 51.522631
90.570247 48.342267
113.085289 51.216504
110.521846 50.744614
107.959658 50.621618
105.558022 51.583393
104.304311 53.455730
103.469652 55.167423
102.543866 56.631359
101.049140 57.258653
99.755185 56.230820
97.920073 55.574794
95.461900 54.953126
92.248477 51.742102
88.025509 49.228164
110.857520 53.186742
108.801333 53.084900
107.275840 53.400950
106.175164 54.408165
105.321169 55.708649
104.216607 57.218362
102.472832 58.545872
100.837867 59.023396
99.339062 58.439963
97.543056 57.835139
95.047284 57.184016
93.342044 54.425234
89.924100 51.439527
111.806703 55.983064
110.230817 55.780897
108.977074 55.608476
107.561600 55.960262
106.054939 57.259404
103.819699 58.919698
101.834954 60.129078
100.108047 60.509812
98.487871 60.016937
96.365456 59.498372
93.687076 58.595135
92.192137 56.326148
91.411808 53.646284
110.928908 59.900569
108.745729 59.603266
106.396967 59.931973
103.987803 61.106642
102.308415 62.500321
100.972978 63.377114
99.585284 63.899707
98.003229 63.482929
95.995243 62.871497
93.335068 61.727057
113.304112 58.632250
111.250440 58.155791
109.405036 57.858998
107.293988 58.221178
104.831184 59.668046
102.488641 61.162161
100.698972 61.889078
99.079305 61.932288
97.271404 61.393988
94.863204 60.729900
92.059738 59.335850
90.192460 57.490011
89.859006 55.530765
86.634368 47.781596
85.060498 46.898405
83.116788 46.684217
85.724786 50.254823
83.651431 49.508851
81.935071 49.136722
80.455730 48.351958
78.664308 47.828276
87.951579 51.875444
84.346165 51.604157
81.387269 51.337243
79.215867 50.955946
77.473485 50.634405
75.980333 49.818174
74.079057 49.505006
86.575387 55.394421
85.128068 55.159385
83.679440 54.882223
81.930650 54.222077
79.344268 54.022429
76.850018 54.286814
74.952338 54.938707
73.499977 55.969880
72.015521 56.838206
70.107754 55.877721
88.953013 53.977681
86.476878 53.064688
83.401164 52.871348
80.319714 52.825655
77.479099 52.753939
75.345595 52.776342
73.595852 53.128260
71.784150 53.019427
55.822929 58.042727
54.970990 60.230184
53.404794 58.992565
51.731431 58.028841
55.439353 62.017623
52.489788 61.433797
50.626419 60.920500
49.024858 59.691814
57.542056 62.569424
53.206965 63.192646
50.774657 63.619121
48.979460 63.996722
47.218098 62.678233
56.656001 64.386893
54.903486 63.981461
52.298430 64.810433
50.578430 66.076581
49.048123 67.006691
47.100146 65.650068
55.650834 66.603349
54.295629 66.050550
52.904161 66.554969
51.600027 67.599891
50.449946 69.105082
48.895990 69.029604
46.804329 67.768942
53.096144 71.533847
53.410656 69.554208
52.110422 69.340151
51.432185 70.728384
50.600318 71.756841
49.259161 71.074109
47.515806 70.164758
53.648895 73.334807
52.690783 74.135297
51.972924 72.980235
50.935949 73.387183
49.870726 73.749636
48.899168 72.923902
47.533042 72.315064
55.490930 78.502300
53.831655 78.039814
52.296568 77.690742
50.813751 77.525992
49.139173 77.507078
54.024765 76.063026
52.921737 75.831729
51.854311 75.540603
50.795906 75.424721
49.572127 75.417334
48.128663 75.002775
82.092460 57.818963
81.640973 56.450649
80.380232 56.602056
79.411837 55.896988
78.016871 55.649064
76.366224 56.129562
74.842814 57.195244
73.480804 58.689017
71.808318 59.181993
69.756489 57.942883
80.996205 59.784959
79.392088 59.543758
77.783910 60.085155
78.419561 57.979112
77.101228 58.166823
75.904512 58.503535
74.938115 59.698406
73.584676 60.910534
72.143439 61.434919
70.349591 60.446093
68.130812 59.279543
64.939353 58.725918
81.397407 61.811475
79.175709 61.875606
77.502161 62.030851
76.476084 62.871311
75.288727 63.061288
74.953054 61.536280
73.966774 63.079896
72.952544 63.722248
71.612248 63.181090
70.194028 62.466018
68.317714 61.794005
65.379457 60.911577
59.327487 58.350251
80.531046 63.813095
78.853761 64.048884
77.428600 64.609338
76.179189 65.001967
75.278272 65.734397
74.195237 65.783155
73.155157 65.405768
71.963669 65.253384
70.741864 64.800813
69.279993 64.379440
67.359936 64.063266
65.096420 62.671022
59.515777 60.043872
79.782434 66.499391
78.420218 66.926450
77.166906 67.205790
76.341273 68.141192
75.173659 68.526423
73.981521 67.895539
72.763448 67.300423
71.410859 66.897527
69.815643 66.577063
67.867398 66.356357
65.571898 65.713866
63.787223 63.818493
60.658113 61.089396
80.926527 68.357315
79.316042 69.024594
78.105161 69.941202
77.096515 71.004230
75.636716 70.820197
74.130370 70.176625
72.515669 69.381558
70.733507 68.759868
68.572418 68.451508
65.923958 67.901174
63.324507 66.609426
62.055581 64.478848
61.353291 62.519562
81.757475 70.028548
80.303733 70.725458
79.061999 72.042171
77.937595 73.198949
76.313558 73.083505
74.534766 72.446211
72.474441 71.591969
70.040576 70.816564
66.988011 70.097559
64.028326 68.790310
61.308670 67.391957
60.118065 65.619383
59.700454 63.653124
80.747561 72.503447
80.104856 74.298522
79.116475 75.019865
77.889131 75.413042
76.438334 74.984733
74.680271 74.502978
72.459813 73.776440
69.364712 72.615441
65.176964 71.228663
62.418321 69.482697
59.702147 68.313335
57.896618 67.233248
57.930855 65.268101
80.946229 77.928601
79.678133 77.980721
78.735949 77.125130
77.422261 77.144218
76.026406 76.788085
74.306938 76.493860
72.060097 75.870301
68.676761 73.992787
63.609810 72.268319
61.151828 70.601575
58.691504 69.729367
56.694503 69.068190
55.046012 68.601160
81.552536 80.550087
80.332412 79.882873
78.824468 79.450212
77.332523 78.967258
75.595066 78.710969
73.485851 78.505919
70.930231 77.679531
67.982687 75.235720
62.439482 73.549858
60.329385 72.467844
58.607106 71.500237
56.470380 71.093711
54.673959 70.985112
83.787895 81.972817
81.802348 82.036481
79.523951 81.389439
77.470243 80.948614
75.218038 80.728465
72.419275 80.423245
69.335746 79.131090
66.953731 76.507739
62.832410 75.258272
59.535725 74.602123
57.822811 73.648841
56.256670 73.191843
54.851596 73.245930
87.741616 83.997825
84.407631 84.120364
81.396864 83.924180
78.974495 84.063423
76.036322 84.079539
72.031781 83.780359
68.703044 82.485528
66.520293 81.151822
64.652131 79.491475
62.826954 78.400971
86.192648 83.565907
83.084952 83.348544
80.365090 82.813309
78.031559 82.705760
75.294510 82.584423
71.514945 82.165040
68.245055 80.768784
66.175119 78.526835
64.311341 76.584447
60.637297 76.680036
58.334844 76.905074
56.500066 76.486305
55.154108 75.650644
106.376596 61.625852
104.599078 62.438000
103.066973 63.639852
101.655840 64.762423
100.461024 65.775067
99.037044 66.246418
97.334602 65.459146
95.051057 64.717512
92.035362 63.031930
89.668243 61.115054
87.309392 59.578636
85.277689 58.488892
83.627768 57.868981
106.525668 63.556629
104.423488 64.387059
102.759168 65.838107
101.534666 67.290020
100.595522 68.668203
99.029949 68.699093
97.279529 67.881338
94.928276 66.994468
91.462178 64.873024
88.982535 62.834032
87.527750 61.336129
85.418946 60.489660
83.126571 60.057352
105.780910 65.699859
103.876934 67.062386
102.729993 68.734492
101.734496 70.206354
100.676005 71.427344
99.158298 70.992338
97.366170 70.385958
95.142551 69.443188
92.226862 66.837638
88.048502 64.645802
86.515794 63.271843
85.144268 62.306707
83.424126 62.048419
105.299071 68.425568
104.163779 69.789105
103.056508 71.346384
101.878118 72.631100
100.528957 73.408278
99.013825 72.967991
97.139175 72.501210
94.750351 71.644244
92.862820 69.036355
89.478668 66.488368
85.589173 65.303828
83.820769 64.429687
82.159437 64.115129
106.167300 70.612488
104.628382 71.859256
103.105635 73.502500
101.655609 74.701191
100.166397 75.193202
98.530744 74.666583
96.380938 74.237846
93.667940 73.219180
91.717826 70.876937
90.740535 68.304559
87.284643 66.869546
83.760825 66.501043
81.524444 66.414932
104.951385 73.626023
103.386773 75.077427
102.110257 76.273388
100.940899 77.265919
99.434988 76.824098
97.620486 76.345546
95.155541 75.719754
92.175382 74.112145
89.922781 72.066744
89.202989 70.071657
88.055236 68.684424
85.570952 67.870271
83.040982 68.070134
103.769644 76.845823
102.722022 78.123001
102.068162 79.507870
100.636186 79.562693
99.067417 78.815256
96.944624 78.373771
93.836534 77.181973
90.630317 74.726265
88.215164 72.766241
86.696851 71.530812
85.929929 70.183166
84.603007 69.742103
83.205869 70.191962
104.007916 79.756467
103.672749 81.203477
103.435852 82.490608
101.649211 81.572300
99.782895 81.064997
97.641565 80.724259
93.593294 79.354639
89.456867 76.120036
87.535010 74.440760
85.396558 73.383008
83.847843 72.906718
82.520843 72.931759
81.522198 74.004342
106.182929 82.977467
107.348842 84.121774
105.298395 84.226950
103.707795 83.757123
101.378771 82.939863
99.280426 82.465633
96.476692 81.827929
88.948156 78.248635
86.927490 76.432914
85.166217 75.647028
83.518775 75.602583
82.284297 76.146617
81.177277 76.619992
112.065154 85.361855
109.604829 85.263053
108.162948 85.483248
105.799998 85.616117
102.883767 84.693160
100.999544 84.051990
99.319700 83.850681
94.677760 81.521508
86.879927 79.218858
85.206164 78.676959
83.794434 78.407788
83.135744 79.375724
82.913425 80.488654
113.924484 86.756553
112.345792 86.911503
109.898248 86.809125
106.975044 86.552716
104.097387 85.966181
101.989074 85.596059
100.324884 85.126560
98.146334 83.824270
93.382453 81.220343
89.797008 80.920399
88.086439 81.134004
86.815730 81.820408
85.304837 82.010693
107.583508 89.698635
105.295695 89.324776
103.225733 89.113970
101.322162 88.650202
99.729343 87.620281
97.981532 85.864902
96.139847 84.778902
114.066738 88.733706
111.910995 88.561167
109.721023 88.434964
107.448284 87.923627
104.980209 87.493293
102.865781 87.223186
101.064341 86.724953
99.281499 85.790869
97.188415 84.216595
95.901869 83.033634
92.483814 81.876432
91.077243 81.895124
88.878215 82.768667
134.912393 68.733469
132.853940 69.257471
129.456199 70.204579
126.616816 70.841075
124.378000 70.879293
122.129326 70.164243
119.790077 68.626769
117.742527 66.617838
116.119818 64.613337
114.505004 63.148440
112.560590 62.271239
110.548399 61.701869
108.426809 61.456861
134.023682 70.514120
131.009695 70.667281
127.909178 71.513903
125.661111 72.110299
123.593113 72.167592
121.491004 71.558311
119.528786 70.218845
117.746725 68.410543
115.927769 66.577337
114.191054 65.257225
112.438251 64.393660
110.598181 63.845872
108.649873 63.503449
130.948888 72.160383
128.857932 72.526446
126.861328 73.145426
124.934789 73.644849
122.929241 73.803118
120.904037 73.265231
118.922907 71.909158
117.119272 70.115612
115.682022 68.519349
114.188634 67.363393
112.544125 66.511252
110.624503 65.875865
108.315515 65.470054
130.178548 73.793096
128.250586 74.218758
126.214913 74.902613
124.165701 75.494853
122.130607 75.743769
120.134514 75.169412
118.294705 73.779274
116.374926 71.924993
114.447562 70.155272
112.658189 68.900900
110.771974 68.074062
108.781010 67.630269
106.874757 67.662350
130.141403 75.568843
127.680285 76.008731
125.424717 76.869773
123.399223 77.602527
121.391942 77.855666
119.417643 77.262494
117.722432 75.891693
116.202782 74.209343
114.516504 72.632869
112.705570 71.351718
110.940664 70.508183
109.295609 70.108517
107.737456 70.105771
129.037419 77.434996
126.946449 78.051804
124.971895 78.921903
123.017440 79.607332
121.018369 79.843837
118.926392 79.298401
116.912410 77.911668
115.227262 76.195276
113.825881 74.624603
112.285400 73.424121
110.589621 72.654819
108.813850 72.297120
106.892320 72.532327
128.990167 79.429998
126.934604 79.982824
124.691013 80.770331
122.734436 81.418760
120.828759 81.782755
118.701189 81.393460
116.548390 80.032243
114.586243 78.231251
112.714995 76.480388
110.797323 75.254731
108.812057 74.668082
106.842697 74.745464
105.104920 75.603937
128.561104 81.304453
126.080385 81.853059
124.028049 82.660283
122.264911 83.386195
120.446637 84.056603
118.391519 83.967194
116.176259 82.575178
114.084848 80.515448
112.482267 78.772500
110.800592 77.569303
108.791426 77.023993
106.665038 77.105458
104.940786 78.194346
127.358237 83.131887
125.309737 83.840137
123.380678 84.893509
121.827379 86.045290
120.995709 87.583554
119.569035 87.805821
117.870115 86.871266
115.026871 84.779221
111.543869 81.196982
109.649164 79.792500
107.735908 79.364135
106.167072 80.081616
105.713595 81.619592
127.070006 85.007937
124.775043 86.000865
123.187076 87.907790
123.277289 89.780676
124.244837 91.325210
122.463284 90.934773
121.067939 90.143752
119.636158 89.520119
117.950171 88.450218
114.155772 85.424686
110.891406 83.327013
109.012340 83.257656
110.794997 84.626843
126.283206 86.985971
124.857414 89.046797
125.967470 91.305829
128.910338 92.464578
127.358959 93.231257
125.785572 92.879085
123.994675 92.759835
122.174546 92.286519
120.607653 91.588115
119.157884 90.989178
118.005221 89.951300
116.585696 88.528357
115.596273 87.286854
129.601067 88.543016
128.499054 89.525193
131.412339 90.522216
133.710538 93.677840
131.273248 95.292198
128.423781 95.993186
125.886623 95.822046
123.524022 95.554159
121.379217 95.129731
119.324812 94.314895
126.562646 89.148469
127.449969 91.291163
128.503106 90.934939
130.543029 91.254725
130.538223 93.354915
128.311088 94.416489
125.354464 94.319681
123.136219 93.914436
121.278668 93.414479
119.666082 92.696821
118.035157 92.227060
116.825292 90.996941
115.607997 89.770948
