144.498689 72.206948
142.574355 71.662027
140.650021 71.117107
120.027266 63.198648
118.102932 62.653727
68.138695 77.606154
66.214361 77.061233
64.290027 76.516313
62.365693 75.971393
60.441359 75.426472
58.517025 74.881552
56.592691 74.336631
54.668357 73.791711
52.744023 73.246790
50.819689 72.701870
69.518109 80.075408
67.593775 79.530488
65.669441 78.985568
63.745107 78.440647
61.820773 77.895727
59.896439 77.350806
57.972104 76.805886
56.047770 76.260965
54.123436 75.716045
52.199102 75.171124
68.973189 81.999743
67.048854 81.454822
65.124520 80.909902
63.200186 80.364981
61.275852 79.820061
59.351518 79.275140
57.427184 78.730220
55.502850 78.185299
53.578516 77.640379
68.428268 83.924077
66.503934 83.379156
64.579600 82.834236
62.655266 82.289315
60.730932 81.744395
58.806598 81.199474
91.230704 84.145200
89.306370 83.600279
87.382036 83.055359
85.457702 82.510438
83.533368 81.965518
81.609034 81.420597
79.684700 80.875677
77.760366 80.330756
75.836032 79.785836
73.911698 79.240915
71.987364 78.695995
70.063029 78.151074
84.912782 84.434772
82.988448 83.889852
81.064114 83.344931
79.139779 82.800011
77.215445 82.255090
75.291111 81.710170
73.366777 81.165249
71.442443 80.620329
69.518109 80.075408
76.670525 84.179424
74.746191 83.634504
72.821857 83.089584
70.897523 82.544663
68.973189 81.999743
68.428268 83.924077
87.926957 81.131025
86.002623 80.586104
84.078289 80.041184
62.910614 74.047058
60.986280 73.502138
59.061945 72.957217
96.935257 56.659602
95.010923 56.114681
93.086589 55.569761
145.588530 68.358280
143.664196 67.813359
141.739861 67.268439
150.271691 73.841709
148.347357 73.296789
146.423023 72.751868
148.892277 71.372455
146.967943 70.827534
145.043609 70.282614
143.119275 69.737693
141.194941 69.192773
153.575439 76.855884
151.651105 76.310964
149.726770 75.766043
147.802436 75.221123
145.878102 74.676202
143.953768 74.131282
142.029434 73.586362
140.105100 73.041441
154.954852 79.325139
153.030518 78.780218
151.106184 78.235298
149.181850 77.690378
147.257516 77.145457
145.333182 76.600537
143.408848 76.055616
141.484514 75.510696
139.560180 74.965775
158.258600 82.339314
156.334266 81.794394
154.409932 81.249473
152.485598 80.704553
150.561264 80.159632
148.636930 79.614712
146.712595 79.069791
144.788261 78.524871
142.863927 77.979950
140.939593 77.435030
139.015259 76.890109
159.638014 84.808569
157.713679 84.263648
155.789345 83.718728
153.865011 83.173807
151.940677 82.628887
150.016343 82.083966
148.092009 81.539046
146.167675 80.994125
144.243341 80.449205
142.319007 79.904284
140.394673 79.359364
138.470339 78.814443
161.017427 87.277823
159.093093 86.732903
157.168759 86.187982
155.244425 85.643062
153.320091 85.098141
151.395757 84.553221
149.471423 84.008300
147.547089 83.463380
145.622754 82.918459
143.698420 82.373539
141.774086 81.828618
139.849752 81.283698
137.925418 80.738777
160.472507 89.202157
158.548173 88.657237
156.623839 88.112316
154.699504 87.567396
152.775170 87.022475
150.850836 86.477555
148.926502 85.932634
147.002168 85.387714
145.077834 84.842793
143.153500 84.297873
141.229166 83.752952
139.304832 83.208032
137.380498 82.663112
159.927586 91.126491
158.003252 90.581571
156.078918 90.036650
154.154584 89.491730
152.230250 88.946809
150.305916 88.401889
148.381582 87.856968
146.457248 87.312048
144.532914 86.767127
142.608579 86.222207
140.684245 85.677287
138.759911 85.132366
136.835577 84.587446
157.458332 92.505905
155.533998 91.960984
153.609663 91.416064
151.685329 90.871143
149.760995 90.326223
147.836661 89.781303
145.912327 89.236382
143.987993 88.691462
142.063659 88.146541
140.139325 87.601621
138.214991 87.056700
136.290657 86.511780
153.064743 93.340398
151.140409 92.795478
149.216075 92.250557
147.291741 91.705637
145.367407 91.160716
143.443073 90.615796
141.518738 90.070875
139.594404 89.525955
137.670070 88.981034
135.745736 88.436114
150.595488 94.719812
148.671154 94.174891
146.746820 93.629971
144.822486 93.085050
142.898152 92.540130
140.973818 91.995209
139.049484 91.450289
137.125150 90.905368
135.200816 90.360448
146.201900 95.554305
144.277566 95.009384
142.353232 94.464464
140.428898 93.919543
138.504563 93.374623
136.580229 92.829702
134.655895 92.284782
141.808311 96.388798
139.883977 95.843877
137.959643 95.298957
136.035309 94.754036
134.110975 94.209116
122.206948 55.501311
120.282614 54.956391
118.358280 54.411470
131.283698 60.150248
129.359364 59.605327
127.435030 59.060407
125.510696 58.515486
123.586362 57.970566
121.662027 57.425645
119.737693 56.880725
117.813359 56.335804
140.360448 64.799184
138.436114 64.254264
136.511780 63.709343
134.587446 63.164423
132.663112 62.619502
130.738777 62.074582
128.814443 61.529661
126.890109 60.984741
124.965775 60.439820
123.041441 59.894900
121.117107 59.349979
119.192773 58.805059
117.268439 58.260139
139.270607 68.647852
137.346273 68.102932
135.421939 67.558011
133.497605 67.013091
131.573271 66.468171
129.648936 65.923250
127.724602 65.378330
125.800268 64.833409
123.875934 64.288489
121.951600 63.743568
139.815527 66.723518
137.891193 66.178598
135.966859 65.633677
134.042525 65.088757
132.118191 64.543836
130.193857 63.998916
128.269523 63.453995
126.345189 62.909075
124.420855 62.364155
122.496521 61.819234
120.572187 61.274314
118.647852 60.729393
116.723518 60.184473
109.281530 49.762534
107.357196 49.217613
105.432862 48.672693
103.508528 48.127772
101.584193 47.582852
99.659859 47.037932
97.735525 46.493011
118.358280 54.411470
116.433946 53.866550
114.509612 53.321629
112.585278 52.776709
110.660943 52.231788
108.736609 51.686868
106.812275 51.141948
104.887941 50.597027
102.963607 50.052107
101.039273 49.507186
99.114939 48.962266
97.190605 48.417345
95.266271 47.872425
117.813359 56.335804
115.889025 55.790884
113.964691 55.245964
112.040357 54.701043
110.116023 54.156123
108.191689 53.611202
106.267355 53.066282
104.343021 52.521361
102.418687 51.976441
100.494353 51.431520
98.570018 50.886600
96.645684 50.341679
94.721350 49.796759
117.268439 58.260139
115.344105 57.715218
113.419771 57.170298
111.495437 56.625377
109.571102 56.080457
107.646768 55.535536
105.722434 54.990616
103.798100 54.445695
101.873766 53.900775
99.949432 53.355854
98.025098 52.810934
96.100764 52.266013
94.176430 51.721093
116.178598 62.108807
114.254264 61.563886
112.329930 61.018966
110.405596 60.474045
108.481262 59.929125
106.556927 59.384204
104.632593 58.839284
102.708259 58.294363
100.783925 57.749443
98.859591 57.204522
116.723518 60.184473
114.799184 59.639552
112.874850 59.094632
110.950516 58.549711
109.026182 58.004791
107.101848 57.459870
105.177514 56.914950
103.253180 56.370029
101.328846 55.825109
99.404512 55.280188
97.480177 54.735268
95.555843 54.190347
93.631509 53.645427
93.341937 47.327504
91.417603 46.782584
89.493268 46.237663
92.797016 49.251838
90.872682 48.706918
88.948348 48.161997
87.024014 47.617077
85.099680 47.072156
92.252096 51.176172
90.327762 50.631252
88.403428 50.086331
86.479093 49.541411
84.554759 48.996490
82.630425 48.451570
80.706091 47.906650
91.162255 55.024841
89.237921 54.479920
87.313587 53.935000
85.389252 53.390079
83.464918 52.845159
81.540584 52.300238
79.616250 51.755318
77.691916 51.210397
75.767582 50.665477
73.843248 50.120556
91.707175 53.100506
89.782841 52.555586
87.858507 52.010665
85.934173 51.465745
84.009839 50.920825
82.085505 50.375904
80.161171 49.830984
78.236837 49.286063
62.041896 55.093290
61.496975 57.017624
59.572641 56.472704
57.648307 55.927783
60.952055 58.941958
59.027721 58.397038
57.103387 57.852117
55.179052 57.307197
60.407134 60.866292
58.482800 60.321372
56.558466 59.776452
54.634132 59.231531
52.709798 58.686611
59.862214 62.790627
57.937880 62.245706
56.013546 61.700786
54.089211 61.155865
52.164877 60.610945
50.240543 60.066024
59.317293 64.714961
57.392959 64.170040
55.468625 63.625120
53.544291 63.080199
51.619957 62.535279
49.695623 61.990358
47.771289 61.445438
58.772373 66.639295
56.848039 66.094374
54.923705 65.549454
52.999371 65.004533
51.075036 64.459613
49.150702 63.914692
47.226368 63.369772
58.227452 68.563629
56.303118 68.018708
54.378784 67.473788
52.454450 66.928867
50.530116 66.383947
48.605782 65.839026
46.681448 65.294106
57.137611 72.412297
55.213277 71.867377
53.288943 71.322456
51.364609 70.777536
49.440275 70.232615
57.682532 70.487963
55.758198 69.943042
53.833864 69.398122
51.909530 68.853201
49.985195 68.308281
48.060861 67.763361
88.693000 56.404254
86.768666 55.859334
84.844332 55.314413
82.919998 54.769493
80.995664 54.224572
79.071330 53.679652
77.146996 53.134731
75.222662 52.589811
73.298327 52.044890
71.373993 51.499970
88.148080 58.328588
86.223746 57.783668
84.299412 57.238747
82.375077 56.693827
80.450743 56.148906
78.526409 55.603986
76.602075 55.059065
74.677741 54.514145
72.753407 53.969224
70.829073 53.424304
68.904739 52.879383
66.980405 52.334463
87.603159 60.252922
85.678825 59.708002
83.754491 59.163081
81.830157 58.618161
79.905823 58.073240
77.981489 57.528320
76.057155 56.983399
74.132821 56.438479
72.208487 55.893559
70.284152 55.348638
68.359818 54.803718
66.435484 54.258797
64.511150 53.713877
87.058239 62.177256
85.133905 61.632336
83.209571 61.087415
81.285236 60.542495
79.360902 59.997574
77.436568 59.452654
75.512234 58.907734
73.587900 58.362813
71.663566 57.817893
69.739232 57.272972
67.814898 56.728052
65.890564 56.183131
63.966230 55.638211
86.513318 64.101590
84.588984 63.556670
82.664650 63.011750
80.740316 62.466829
78.815982 61.921909
76.891648 61.376988
74.967314 60.832068
73.042980 60.287147
71.118646 59.742227
69.194312 59.197306
67.269977 58.652386
65.345643 58.107465
63.421309 57.562545
85.968398 66.025925
84.044064 65.481004
82.119730 64.936084
80.195396 64.391163
78.271061 63.846243
76.346727 63.301322
74.422393 62.756402
72.498059 62.211481
70.573725 61.666561
68.649391 61.121640
66.725057 60.576720
64.800723 60.031799
62.876389 59.486879
85.423477 67.950259
83.499143 67.405338
81.574809 66.860418
79.650475 66.315497
77.726141 65.770577
75.801807 65.225656
73.877473 64.680736
71.953139 64.135815
70.028805 63.590895
68.104471 63.045974
66.180136 62.501054
64.255802 61.956133
62.331468 61.411213
84.878557 69.874593
82.954223 69.329672
81.029889 68.784752
79.105555 68.239831
77.181221 67.694911
75.256886 67.149990
73.332552 66.605070
71.408218 66.060149
69.483884 65.515229
67.559550 64.970308
65.635216 64.425388
63.710882 63.880468
61.786548 63.335547
84.333636 71.798927
82.409302 71.254006
80.484968 70.709086
78.560634 70.164165
76.636300 69.619245
74.711966 69.074324
72.787632 68.529404
70.863298 67.984483
68.938964 67.439563
67.014630 66.894643
65.090296 66.349722
63.165961 65.804802
61.241627 65.259881
83.788716 73.723261
81.864382 73.178340
79.940048 72.633420
78.015714 72.088499
76.091380 71.543579
74.167045 70.998659
72.242711 70.453738
70.318377 69.908818
68.394043 69.363897
66.469709 68.818977
64.545375 68.274056
62.621041 67.729136
60.696707 67.184215
83.243795 75.647595
81.319461 75.102675
79.395127 74.557754
77.470793 74.012834
75.546459 73.467913
73.622125 72.922993
71.697791 72.378072
69.773457 71.833152
67.849123 71.288231
65.924789 70.743311
64.000455 70.198390
62.076120 69.653470
60.151786 69.108549
82.153954 79.496263
80.229620 78.951343
78.305286 78.406422
76.380952 77.861502
74.456618 77.316581
72.532284 76.771661
70.607950 76.226740
68.683616 75.681820
66.759282 75.136899
64.834948 74.591979
82.698875 77.571929
80.774541 77.027009
78.850207 76.482088
76.925873 75.937168
75.001539 75.392247
73.077205 74.847327
71.152870 74.302406
69.228536 73.757486
67.304202 73.212565
65.379868 72.667645
63.455534 72.122724
61.531200 71.577804
59.606866 71.032883
113.709343 63.488220
111.785009 62.943300
109.860675 62.398379
107.936341 61.853459
106.012007 61.308538
104.087673 60.763618
102.163339 60.218697
100.239005 59.673777
98.314671 59.128857
96.390337 58.583936
94.466002 58.039016
92.541668 57.494095
90.617334 56.949175
113.164423 65.412554
111.240089 64.867634
109.315755 64.322713
107.391421 63.777793
105.467086 63.232873
103.542752 62.687952
101.618418 62.143032
99.694084 61.598111
97.769750 61.053191
95.845416 60.508270
93.921082 59.963350
91.996748 59.418429
90.072414 58.873509
112.619502 67.336888
110.695168 66.791968
108.770834 66.247048
106.846500 65.702127
104.922166 65.157207
102.997832 64.612286
101.073498 64.067366
99.149164 63.522445
97.224830 62.977525
95.300496 62.432604
93.376161 61.887684
91.451827 61.342763
89.527493 60.797843
112.074582 69.261223
110.150248 68.716302
108.225914 68.171382
106.301580 67.626461
104.377246 67.081541
102.452911 66.536620
100.528577 65.991700
98.604243 65.446779
96.679909 64.901859
94.755575 64.356938
92.831241 63.812018
90.906907 63.267097
88.982573 62.722177
111.529661 71.185557
109.605327 70.640636
107.680993 70.095716
105.756659 69.550795
103.832325 69.005875
101.907991 68.460954
99.983657 67.916034
98.059323 67.371113
96.134989 66.826193
94.210655 66.281272
92.286321 65.736352
90.361986 65.191431
88.437652 64.646511
110.984741 73.109891
109.060407 72.564970
107.136073 72.020050
105.211739 71.475129
103.287405 70.930209
101.363070 70.385288
99.438736 69.840368
97.514402 69.295447
95.590068 68.750527
93.665734 68.205606
91.741400 67.660686
89.817066 67.115766
87.892732 66.570845
110.439820 75.034225
108.515486 74.489304
106.591152 73.944384
104.666818 73.399463
102.742484 72.854543
100.818150 72.309622
98.893816 71.764702
96.969482 71.219782
95.045148 70.674861
93.120814 70.129941
91.196480 69.585020
89.272145 69.040100
87.347811 68.495179
109.894900 76.958559
107.970566 76.413638
106.046232 75.868718
104.121898 75.323798
102.197564 74.778877
100.273230 74.233957
98.348895 73.689036
96.424561 73.144116
94.500227 72.599195
92.575893 72.054275
90.651559 71.509354
88.727225 70.964434
86.802891 70.419513
109.349979 78.882893
107.425645 78.337973
105.501311 77.793052
103.576977 77.248132
101.652643 76.703211
99.728309 76.158291
97.803975 75.613370
95.879641 75.068450
93.955307 74.523529
92.030973 73.978609
90.106639 73.433688
88.182305 72.888768
86.257970 72.343847
108.805059 80.807227
106.880725 80.262307
104.956391 79.717386
103.032057 79.172466
101.107723 78.627545
99.183389 78.082625
97.259055 77.537704
95.334720 76.992784
93.410386 76.447863
91.486052 75.902943
89.561718 75.358022
87.637384 74.813102
85.713050 74.268181
108.260139 82.731561
106.335804 82.186641
104.411470 81.641720
102.487136 81.096800
100.562802 80.551879
98.638468 80.006959
96.714134 79.462038
94.789800 78.917118
92.865466 78.372197
90.941132 77.827277
89.016798 77.282356
87.092464 76.737436
85.168130 76.192515
101.397295 84.945468
99.472961 84.400547
97.548627 83.855627
95.624293 83.310707
93.699959 82.765786
91.775625 82.220866
89.851291 81.675945
107.715218 84.655895
105.790884 84.110975
103.866550 83.566054
101.942216 83.021134
100.017882 82.476213
98.093548 81.931293
96.169214 81.386372
94.244879 80.841452
92.320545 80.296531
90.396211 79.751611
88.471877 79.206691
86.547543 78.661770
84.623209 78.116850
138.725686 70.572187
136.801352 70.027266
134.877018 69.482346
132.952684 68.937425
131.028350 68.392505
129.104016 67.847584
127.179682 67.302664
125.255348 66.757743
123.331014 66.212823
121.406680 65.667902
119.482346 65.122982
117.558011 64.578061
115.633677 64.033141
138.180766 72.496521
136.256432 71.951600
134.332098 71.406680
132.407764 70.861759
130.483430 70.316839
128.559096 69.771918
126.634761 69.226998
124.710427 68.682077
122.786093 68.137157
120.861759 67.592236
118.937425 67.047316
117.013091 66.502395
115.088757 65.957475
137.635845 74.420855
135.711511 73.875934
133.787177 73.331014
131.862843 72.786093
129.938509 72.241173
128.014175 71.696252
126.089841 71.151332
124.165507 70.606411
122.241173 70.061491
120.316839 69.516570
118.392505 68.971650
116.468171 68.426729
114.543836 67.881809
137.090925 76.345189
135.166591 75.800268
133.242257 75.255348
131.317923 74.710427
129.393589 74.165507
127.469255 73.620586
125.544920 73.075666
123.620586 72.530745
121.696252 71.985825
119.771918 71.440904
117.847584 70.895984
115.923250 70.351064
113.998916 69.806143
136.546005 78.269523
134.621670 77.724602
132.697336 77.179682
130.773002 76.634761
128.848668 76.089841
126.924334 75.544920
125.000000 75.000000
123.075666 74.455080
121.151332 73.910159
119.226998 73.365239
117.302664 72.820318
115.378330 72.275398
113.453995 71.730477
136.001084 80.193857
134.076750 79.648936
132.152416 79.104016
130.228082 78.559096
128.303748 78.014175
126.379414 77.469255
124.455080 76.924334
122.530745 76.379414
120.606411 75.834493
118.682077 75.289573
116.757743 74.744652
114.833409 74.199732
112.909075 73.654811
135.456164 82.118191
133.531829 81.573271
131.607495 81.028350
129.683161 80.483430
127.758827 79.938509
125.834493 79.393589
123.910159 78.848668
121.985825 78.303748
120.061491 77.758827
118.137157 77.213907
116.212823 76.668986
114.288489 76.124066
112.364155 75.579145
134.911243 84.042525
132.986909 83.497605
131.062575 82.952684
129.138241 82.407764
127.213907 81.862843
125.289573 81.317923
123.365239 80.773002
121.440904 80.228082
119.516570 79.683161
117.592236 79.138241
115.667902 78.593320
113.743568 78.048400
111.819234 77.503479
134.366323 85.966859
132.441989 85.421939
130.517654 84.877018
128.593320 84.332098
126.668986 83.787177
124.744652 83.242257
122.820318 82.697336
120.895984 82.152416
118.971650 81.607495
117.047316 81.062575
115.122982 80.517654
113.198648 79.972734
111.274314 79.427813
133.821402 87.891193
131.897068 87.346273
129.972734 86.801352
128.048400 86.256432
126.124066 85.711511
124.199732 85.166591
122.275398 84.621670
120.351064 84.076750
118.426729 83.531829
116.502395 82.986909
114.578061 82.441989
112.653727 81.897068
110.729393 81.352148
133.276482 89.815527
131.352148 89.270607
129.427813 88.725686
127.503479 88.180766
125.579145 87.635845
123.654811 87.090925
121.730477 86.546005
119.806143 86.001084
117.881809 85.456164
115.957475 84.911243
114.033141 84.366323
112.108807 83.821402
110.184473 83.276482
132.186641 93.664196
130.262307 93.119275
128.337973 92.574355
126.413638 92.029434
124.489304 91.484514
122.564970 90.939593
120.640636 90.394673
118.716302 89.849752
116.791968 89.304832
114.867634 88.759911
132.731561 91.739861
130.807227 91.194941
128.882893 90.650021
126.958559 90.105100
125.034225 89.560180
123.109891 89.015259
121.185557 88.470339
119.261223 87.925418
117.336888 87.380498
115.412554 86.835577
113.488220 86.290657
111.563886 85.745736
109.639552 85.200816
