143.650823 71.416719
141.568020 70.433261
139.292687 69.786983
115.263690 61.211977
113.281344 60.857389
62.643111 79.877134
61.736418 78.590389
60.005217 77.818850
57.537384 77.463805
55.704494 77.432197
54.195055 76.550355
53.059019 75.220693
51.484684 74.560100
50.668635 74.343275
49.976954 73.161133
64.891924 80.938239
62.502073 81.351222
60.881790 80.651101
60.030315 79.508469
58.392652 78.581766
56.310684 79.072528
54.485189 78.801894
53.138398 77.699931
52.355198 76.540263
51.399653 75.572036
65.157953 83.442835
63.014166 83.159443
61.144587 82.740467
59.177099 81.886832
58.247097 80.089052
56.990986 80.832303
56.009319 80.358962
54.697327 79.115268
53.139048 77.940535
68.287806 84.456449
65.835687 83.964197
64.058620 83.502526
62.129404 82.984034
60.096996 82.544129
58.257527 81.643528
91.303710 84.641389
88.967604 84.730924
86.910906 84.739745
82.576203 83.301639
79.662617 83.540089
76.877706 83.407851
74.327948 83.202644
72.321791 82.978547
70.820452 81.992429
69.211826 81.235538
67.263618 80.684863
64.161943 79.143224
84.944808 84.719228
82.581278 84.788506
80.234862 84.875403
78.101818 84.880305
74.558285 84.910063
70.615121 84.076983
68.750469 82.819584
67.171585 82.240682
64.891924 80.938239
76.533448 84.863749
73.954287 84.871131
71.829102 84.700982
70.096772 84.748051
65.157953 83.442835
68.287806 84.456449
84.332594 82.626021
80.744095 82.113226
78.152850 82.011592
57.503971 76.044688
55.797203 75.782330
54.669732 74.693895
90.345118 56.311092
88.756366 56.032210
87.360460 55.401205
145.923620 68.082998
144.217170 66.648451
142.632540 65.479474
150.985313 73.414764
148.693411 73.100330
146.473896 71.939171
149.084353 71.217075
147.727483 69.686883
145.278132 70.123802
143.268296 68.886413
141.269999 68.282091
153.767391 76.672729
152.424903 75.102443
149.391641 75.058004
146.554676 73.999655
144.374977 73.113580
141.332622 72.224847
138.839291 71.413139
136.459612 70.622972
155.496104 78.890235
152.128442 77.850530
150.347408 76.589122
146.979006 75.670902
143.931173 74.805797
141.644254 73.815128
138.823268 73.063560
136.245056 72.284462
133.927951 71.550580
158.258600 82.339314
156.861457 80.522551
153.119034 79.427823
149.474612 78.328720
147.356252 77.262253
144.473523 76.401742
141.568388 75.573227
139.237205 74.832373
136.922522 74.255555
134.792108 73.766832
132.825666 73.287919
159.896920 84.464377
155.193216 82.290950
153.157649 81.161295
150.273048 79.973106
147.120922 79.062925
144.790596 78.211634
142.444706 77.562588
140.268712 77.149050
138.300579 76.664074
136.387485 76.244904
134.459087 75.818118
132.497395 75.364342
161.447259 86.595758
156.376048 84.238555
152.654677 83.107614
150.378159 81.925988
148.037014 81.162066
145.814133 80.691473
143.834809 80.102651
141.904570 79.610807
139.922779 79.226931
137.915061 78.754454
135.873684 78.252894
133.811497 77.752675
131.761079 77.259206
157.475782 86.587815
154.225083 85.600479
151.776097 85.153690
149.680027 84.100851
147.630235 83.413376
145.571330 82.907345
143.511606 82.325302
141.450160 81.694404
139.317366 81.198606
137.229119 80.684209
135.221303 80.213478
133.299424 79.792657
131.411440 79.314618
157.083989 89.611456
154.369937 88.464555
151.859678 87.896786
149.597620 86.749894
147.392633 85.761138
145.110645 85.065310
142.914398 84.383276
140.858542 83.768105
138.882287 83.296198
136.947450 82.818073
135.018316 82.388782
133.081908 81.978808
131.119446 81.415241
154.330645 91.969690
151.489914 90.624442
148.916885 89.194554
146.679590 88.099668
144.601225 87.388359
142.603429 86.678576
140.631727 86.125394
138.685087 85.548386
136.628739 84.965558
134.478618 84.429318
132.269581 83.913647
130.165895 83.342051
149.289032 92.570808
146.758287 91.099406
144.475930 90.114745
142.309040 89.119476
140.070598 88.379840
137.847850 87.605399
135.674293 86.952412
133.575493 86.406455
131.540759 86.003771
129.596369 85.526131
146.778228 94.644525
144.105947 92.948135
141.694361 91.656631
139.438844 90.748317
137.300334 89.896679
135.215673 89.289321
133.141218 88.731155
131.021108 88.336489
128.938458 87.895023
142.125687 95.315230
139.613064 93.741675
137.138937 92.555129
134.748709 91.880879
132.575128 91.298335
130.531023 91.057818
128.716500 90.830947
137.528456 96.049460
135.243899 95.055917
133.290102 95.103990
131.625373 94.031271
130.254853 95.317486
122.387207 55.382546
120.665714 54.629742
118.540448 53.681538
131.473988 60.002909
129.550350 59.040669
127.754390 58.081109
125.998699 57.234666
124.359369 56.378034
122.323634 57.556057
120.141008 56.869508
117.533413 56.226932
140.695749 64.531088
138.709799 63.524189
136.817668 62.673921
135.021092 61.762422
133.313529 60.970517
130.925106 62.059014
128.810529 61.158406
126.858341 60.321765
125.063353 59.433346
123.158860 59.301442
120.746743 59.064192
118.631811 58.415933
115.525331 58.097077
138.586769 68.089203
136.403518 67.178483
134.249856 66.358537
132.148717 65.701718
129.883648 65.170784
127.124114 64.430997
124.748716 63.672854
122.440913 63.000924
120.081506 62.405910
117.832135 61.777819
140.040638 66.580152
137.908463 65.667201
135.874985 64.858085
133.981306 63.970076
132.018300 63.681941
129.344262 63.472764
127.238711 62.629635
125.215896 61.860715
123.220094 61.308738
121.054297 60.889878
118.666612 60.210839
116.479877 59.975826
112.583096 58.941103
109.499814 49.563872
107.511819 48.799343
105.557319 48.245614
103.672262 47.543544
101.699819 47.153768
99.745398 46.600920
97.652793 46.209508
118.540448 53.681538
116.327251 52.516953
114.670024 51.739176
112.971261 50.963716
111.142973 51.014120
108.966061 51.725408
106.922033 51.011842
104.895201 50.463131
102.938329 49.827311
100.915363 49.375879
98.867936 48.803653
96.610930 48.308395
95.498691 46.017024
117.533413 56.226932
115.404676 54.864442
113.685228 54.142917
111.919772 53.558762
109.993706 53.612056
107.713455 53.416824
105.698180 52.803422
103.709116 52.294648
101.796080 51.755505
99.851450 51.297810
97.943481 50.761554
95.959720 50.346979
94.362180 49.197800
115.525331 58.097077
113.821841 56.533809
112.012898 56.048429
110.075582 55.623282
107.940937 55.301755
105.712546 54.794366
103.600935 54.310491
101.592736 53.838539
99.676544 53.404733
97.829118 52.967205
96.041792 52.568893
94.308352 52.049442
92.788376 51.446832
109.958329 59.959611
108.085616 59.196024
105.986756 58.722204
103.927101 58.238898
101.872980 57.856420
99.829575 57.524147
97.812456 57.225877
95.833759 56.962868
93.913407 56.732580
92.106122 56.483843
112.583096 58.941103
110.630072 57.829985
108.764275 57.373669
106.684868 56.918585
104.599492 56.410545
102.456210 55.988452
100.373565 55.594949
98.381426 55.233416
96.502075 54.893953
94.734094 54.598460
93.135271 54.128499
91.534478 54.163903
90.330298 53.298125
93.627411 45.788619
91.580435 45.733748
89.412552 45.951998
92.764362 48.437583
90.776641 48.318664
88.502892 48.118980
86.969729 46.138925
84.876807 46.363498
91.292407 50.896338
89.616346 50.510276
87.707010 50.266960
86.205008 48.869513
84.091057 48.742819
82.549601 46.885126
80.543134 47.390429
85.726472 55.700949
85.011002 54.199971
83.171649 55.266884
83.337924 53.128671
81.493132 53.441532
80.651105 51.854589
78.726380 51.827189
77.063179 50.719288
75.562464 48.860331
73.589925 49.437581
88.858632 53.260535
87.558637 52.623450
86.025684 52.364035
84.999401 51.051632
83.122496 51.009204
81.751968 49.672400
79.565383 49.550357
77.707444 48.205990
61.503108 54.031533
60.968451 56.623057
59.459995 54.935241
57.562528 55.644041
60.233041 59.000978
58.857154 57.816814
56.784609 57.874249
54.922624 56.841582
58.834607 61.167849
57.617923 60.188384
55.813617 60.047661
54.065719 59.047239
52.273513 57.924850
56.108723 64.439589
56.493752 62.508419
54.703008 62.162566
53.152676 61.200061
51.402126 60.192662
49.620574 59.092508
54.825576 65.981588
53.135546 65.895931
53.663751 63.969531
51.952832 63.406907
50.516424 62.202257
48.519231 61.333496
46.650441 60.374627
53.173911 68.392803
51.584833 67.925990
51.333682 66.330543
50.446767 65.030614
49.043990 63.789173
46.925766 63.184271
44.695508 62.997871
52.698780 70.307165
51.031564 69.612727
49.694798 68.320097
48.980553 66.972839
48.154663 65.528800
46.356540 66.497424
45.946002 65.577167
53.625833 73.497016
51.954680 72.816135
49.470950 72.695841
49.132256 71.917283
48.542998 70.674649
53.348350 71.857443
51.239606 71.431343
49.678216 70.439548
47.899475 69.802246
47.759186 69.127179
47.076958 68.222183
82.413981 57.219815
80.638432 57.299399
80.797519 55.315409
78.771173 56.349136
79.143477 54.092981
77.329420 54.301113
76.206952 52.990873
74.825992 51.771192
72.754162 51.711940
70.855431 50.416606
81.514547 59.534923
79.645062 59.292694
78.152568 58.487905
76.325899 58.616406
76.809876 56.443303
74.836351 57.164910
74.999855 55.229317
73.673254 54.193710
71.894051 54.039626
70.287761 52.936164
68.760802 51.192382
66.806407 51.903513
81.386371 61.549186
79.268258 61.297654
77.338297 60.874918
75.509015 60.561960
73.823017 60.103785
73.394535 58.408889
71.649236 58.737428
72.513394 56.404741
70.644211 56.647766
69.566391 55.299021
68.146980 54.107854
66.074069 54.152193
64.154694 53.061186
80.606696 63.487841
78.839205 63.363995
76.977754 62.883057
74.916218 62.608164
72.979501 62.068902
71.436255 61.300019
69.559641 61.283577
70.057415 59.266104
68.266876 59.232053
68.350842 57.422919
66.933185 56.535143
65.124675 56.317692
63.370135 55.254268
79.825240 65.672062
78.008974 65.428894
76.304688 64.837144
74.494845 64.611787
72.583662 64.039317
70.624674 63.612257
68.785549 63.184939
67.025261 62.649381
67.088045 60.830932
65.275936 60.834234
65.881585 58.789712
64.063843 58.539086
62.627079 57.531629
80.234371 67.556280
77.579556 67.384413
75.588194 66.964596
73.744946 66.607654
72.013351 65.989565
70.137128 65.611873
68.135879 65.190553
66.273433 64.610300
64.606561 64.071481
64.063139 62.540432
62.320139 62.447307
63.090426 60.410622
61.344531 60.207936
81.019703 69.249814
78.620964 68.859853
75.706143 68.840391
73.264549 68.558227
71.354258 68.094929
69.557849 67.572024
67.716122 67.134211
65.748494 66.620147
63.765299 66.022589
62.227122 65.183617
60.368356 65.055645
60.721641 63.266683
59.347585 62.554721
79.590190 71.056200
77.966605 70.660336
76.176702 70.551083
73.761777 70.222689
71.040421 70.004938
68.953493 69.610032
67.100884 69.098461
65.308685 68.584531
63.404722 67.923994
61.377119 67.395481
59.514270 66.847538
57.769951 66.230504
57.961794 64.350065
78.161285 73.307272
76.641266 72.944712
75.119751 72.443642
73.465617 72.085523
71.546097 71.648467
68.890282 71.414597
66.543272 71.017137
64.596681 70.559646
62.873456 69.801815
61.018517 69.294474
58.955796 68.765202
57.055903 68.147359
55.454795 67.463194
77.313712 75.484798
75.492238 75.137943
73.869432 74.746936
72.383088 74.090414
70.798774 73.443589
69.007457 73.152272
66.639178 72.712566
64.191424 72.423760
62.285929 71.869200
60.583140 71.205277
58.839856 70.595287
56.769983 69.969122
54.659433 69.242384
76.961402 77.519235
75.071830 77.272464
73.138966 76.832027
71.423589 76.289772
69.903707 75.691178
68.391765 75.029524
66.659483 74.404130
64.402014 74.073985
61.950384 73.710080
60.062972 73.210555
58.430460 72.550248
56.945118 71.773889
54.934460 70.915746
75.923078 81.758312
74.097618 81.446076
72.561946 80.795762
70.931093 80.039428
68.898249 79.524671
66.725562 79.176639
65.499030 77.954918
63.625142 77.465509
61.944363 76.888942
59.800691 76.368578
76.361465 79.702002
74.678775 79.328769
72.960036 78.792830
70.962113 78.255321
69.068359 77.752559
67.497631 77.217215
66.088665 76.090503
64.223074 75.770530
62.117701 75.288435
59.683220 74.914556
57.862676 74.442996
56.350476 73.842017
55.256532 72.641247
106.939483 60.948844
105.004701 60.570366
103.110864 60.167316
101.219086 59.840434
99.321367 59.540329
97.391534 59.252060
95.420326 59.001511
93.429087 58.804142
91.432008 58.603866
89.411837 58.436300
87.474173 58.173889
85.669578 57.902008
83.993307 57.628475
106.985568 63.168213
105.133468 62.754706
103.254325 62.374190
101.365599 62.023762
99.468111 61.713974
97.572401 61.373835
95.638015 61.086537
93.691240 60.900047
91.759040 60.700254
89.787186 60.495514
87.738474 60.266861
85.605962 59.974887
83.458958 59.803438
106.096248 65.056612
104.068927 64.618970
102.047606 64.218029
100.032169 63.862752
98.025821 63.539846
96.056325 63.241294
94.112937 63.012853
92.205653 62.852913
90.357556 62.685751
88.570933 62.490147
86.817776 62.299640
85.102914 61.919346
83.285690 61.919425
105.476569 67.061031
103.644956 66.682765
101.817343 66.321512
99.981302 65.985984
98.119166 65.660401
96.199091 65.346301
94.203677 65.059112
92.116241 64.910008
90.041907 64.750607
87.944185 64.571648
85.883010 64.374801
84.049547 64.103373
82.263895 64.040733
105.954619 69.465664
104.211700 69.094175
102.476546 68.742562
100.745858 68.396844
99.007156 68.074903
97.265560 67.677628
95.442175 67.306411
93.508397 66.930552
91.451360 66.801895
89.266092 66.517049
86.836217 66.246843
84.279502 66.120640
81.844300 66.034993
105.164547 71.559164
103.316163 71.187745
101.498332 70.828998
99.711865 70.481103
97.956429 70.136178
96.254345 69.772851
94.596951 69.400492
92.958911 69.012785
91.216009 68.915391
89.475250 68.532348
87.627124 68.100688
85.511154 67.753502
82.988716 67.593951
103.467398 73.449163
101.517347 73.078962
99.580702 72.718120
97.664479 72.367507
95.794279 72.031031
94.001205 71.702391
92.307765 71.345999
90.625939 71.131231
88.997955 70.890774
87.510547 70.456920
86.024886 70.080188
84.499004 69.603741
82.810049 69.520063
103.488121 75.695505
101.579311 75.314651
99.648368 74.929153
97.685653 74.547965
95.682692 74.198083
93.649070 73.851085
91.603046 73.491057
89.531963 73.199563
87.539163 72.937765
85.759679 72.594321
84.171830 72.131090
82.601726 71.897283
81.031226 71.685800
102.657009 77.869765
100.798290 77.395457
98.903290 77.020139
97.049109 76.644357
95.197705 76.314607
93.368193 75.989546
91.549295 75.631853
89.683199 75.270564
87.708429 75.024774
85.647603 74.757550
83.566735 74.347704
81.548494 74.074029
79.718874 73.786348
101.965526 80.112777
100.026967 79.453542
97.983423 79.098355
95.951105 78.710500
93.966282 78.418411
92.076639 78.101326
90.235743 77.687031
88.456162 77.411035
86.711858 77.139429
84.955507 76.802625
83.192240 76.419088
81.333617 76.111045
79.317016 75.893948
103.733859 82.934203
101.762734 82.444551
99.588548 81.411156
97.181483 80.967002
94.860055 80.651166
92.640490 80.391658
90.369005 79.874237
88.233546 79.649080
86.056582 79.288148
84.018547 78.944752
82.233056 78.681220
80.550299 78.195352
78.752338 77.923340
101.331360 85.353299
99.251130 84.981023
97.095962 84.841478
94.992418 84.738725
93.045102 84.662175
89.252318 82.998549
86.632383 82.873028
106.402623 86.421298
104.661544 85.946488
102.903976 85.268072
99.563766 83.228571
97.038493 82.840642
94.737135 82.615343
92.492185 82.439299
90.396460 81.732127
87.396132 81.294231
84.720170 80.931542
82.290502 80.856490
79.989437 80.309888
78.078568 80.064837
136.429425 69.006332
133.981373 68.151588
131.567755 67.398894
129.142003 66.717942
126.816214 66.006326
124.299727 65.309467
121.912072 64.654150
119.606422 64.083973
117.380971 63.488005
115.254701 63.006434
112.969418 62.595023
110.969303 61.722459
108.842091 61.713493
133.798445 69.796095
131.291122 69.069034
128.874113 68.408157
126.573649 67.745875
124.406671 67.146144
122.273422 66.608030
120.210812 66.129507
118.217464 65.689218
116.307537 65.261209
114.436662 64.854823
112.553765 64.507812
110.754329 63.854023
108.872038 63.798828
131.652400 70.960341
129.497897 70.409481
127.432737 69.948002
125.487718 69.484520
123.608190 69.057631
121.755294 68.602215
119.885241 68.196844
118.006179 67.792985
116.105221 67.366874
114.172244 66.957667
112.209516 66.482361
110.233364 65.945688
108.115087 65.615421
130.924854 72.889681
129.050546 72.416009
127.135595 72.016309
125.204083 71.566162
123.233867 71.138848
121.267203 70.608372
119.233953 70.149201
117.189107 69.683176
115.149259 69.205971
113.117205 68.760943
111.142646 68.299919
109.244191 67.842017
107.327042 67.518829
130.489526 74.934825
128.487776 74.386978
126.435386 73.929230
124.396228 73.440983
122.378784 73.006858
120.452107 72.537813
118.577103 72.135999
116.736942 71.724803
114.910747 71.291940
113.086607 70.914396
111.278130 70.546417
109.495718 70.158742
107.725405 69.828053
129.739952 76.830662
127.822887 76.361725
125.944896 75.944590
124.072936 75.490814
122.185636 75.114149
120.299912 74.705511
118.404173 74.316629
116.504263 73.894804
114.622737 73.445675
112.728610 73.058728
110.826042 72.684353
108.933010 72.300297
107.040267 71.934699
129.495989 78.936140
127.579381 78.520982
125.652669 78.066022
123.725202 77.584248
121.737129 77.147438
119.692854 76.694824
117.621502 76.248612
115.546822 75.795988
113.492672 75.348553
111.441412 74.953406
109.411873 74.581899
107.416930 74.203434
105.434360 73.823699
129.054283 80.958024
126.930858 80.471446
124.814751 79.986817
122.748550 79.493531
120.704379 79.009286
118.679214 78.587066
116.698151 78.183224
114.753259 77.792237
112.839033 77.414265
110.942447 77.090843
109.065095 76.793161
107.209892 76.450339
105.356004 76.064304
128.099722 82.854462
126.084885 82.438658
124.134897 82.046645
122.231120 81.625086
120.336533 81.147647
118.393546 80.756462
116.422887 80.351700
114.418840 79.950938
112.388161 79.569376
110.340405 79.268996
108.355327 79.011616
106.433333 78.652536
104.530847 78.263097
127.651925 85.054842
125.651341 84.659727
123.617195 84.256856
121.576146 83.817656
119.562852 83.311728
117.540166 82.868272
115.511131 82.433089
113.488388 81.995989
111.413206 81.631779
109.453691 81.587314
107.615779 81.385871
105.751242 80.935874
103.861388 80.555439
126.901227 87.378669
124.882001 87.004571
122.961297 86.669557
121.101013 86.247280
119.303831 85.812465
117.541234 85.385660
115.772704 84.949532
113.993547 84.597556
112.203818 84.081846
110.448219 84.082419
109.048166 84.932295
107.452395 83.781710
105.607387 83.519669
128.449134 95.164007
127.450553 93.508775
125.667711 93.252406
124.171076 94.338421
122.843817 92.766408
121.020175 92.902915
119.439791 92.103261
117.755652 91.279170
115.969656 90.375706
113.951726 89.424826
127.021102 90.270014
125.389229 90.004923
123.842430 89.985844
122.302955 89.712589
120.869880 89.081389
119.305990 88.887782
117.763193 88.242817
116.081083 87.682272
114.221837 87.161407
112.163230 86.424658
111.593511 88.379370
109.927187 87.684630
108.159142 86.982273
