139.818112 68.600600
138.465689 69.155578
136.982255 68.903597
115.784002 62.127395
113.974998 61.220306
68.361307 83.214316
66.541834 82.378443
64.869016 81.390331
63.256028 80.759414
61.661233 80.796559
59.965529 81.042627
57.837589 81.027870
55.347976 80.564685
53.095187 80.007687
50.797638 80.061994
72.123047 85.623518
69.774598 85.344544
67.939727 84.719504
66.284008 83.951805
64.722906 83.199305
63.062691 82.813845
61.266719 82.871496
59.020166 82.739961
56.306071 82.345403
53.587239 82.291768
73.573105 87.411285
70.834427 87.333550
68.806799 86.782175
66.897188 86.116409
65.178355 85.384696
63.566828 84.728627
61.707231 84.944877
59.602723 84.768447
56.972513 84.336930
73.927975 89.712468
71.330165 89.235849
69.152594 88.900281
67.162695 88.332937
65.221159 87.598003
63.127413 86.923410
97.895815 88.382396
95.975299 87.269580
94.101458 86.315714
92.180521 85.477139
90.125447 85.555519
87.779584 85.689339
85.065598 85.641327
82.227325 85.385211
79.610660 85.374108
76.919026 85.220230
74.173042 84.900390
70.584602 83.859142
92.208912 87.589786
89.703176 87.517352
87.339975 87.657040
85.179535 87.486378
82.828447 86.993949
80.511447 86.897244
78.086316 86.709684
75.554359 86.407418
72.123047 85.623518
83.341181 89.057218
80.812278 88.883564
78.456067 88.703596
76.266539 88.283507
73.573105 87.411285
73.927975 89.712468
93.734083 84.214722
91.665188 83.835446
89.394844 84.042476
61.436970 78.460115
59.846705 79.002128
58.136313 79.208195
90.727753 59.689795
89.132137 58.317941
88.237343 56.828989
141.155191 64.074953
138.295728 63.533973
135.690943 64.010361
146.568293 68.595701
143.511647 68.546965
141.435339 68.348644
144.994707 66.621409
142.412893 66.091948
139.565039 66.100776
137.605756 66.222420
135.988301 66.610885
149.933910 71.367072
147.486412 70.798997
145.107173 70.762294
143.336499 71.079504
141.811022 71.287705
140.357952 71.128460
138.757079 71.326232
136.785707 71.215671
151.339442 73.613414
148.629780 73.470006
146.606868 73.237368
144.916458 73.587377
143.272928 73.677798
141.587436 73.576149
139.613166 73.289848
137.411071 72.903435
134.922395 72.693612
154.756184 76.097728
152.328991 75.810578
149.953153 75.829141
148.013942 75.975315
146.249051 75.949851
144.457292 75.820377
142.361710 75.607274
139.986601 75.083349
137.586491 74.597679
135.221149 74.312059
132.868805 74.329613
156.477027 78.239474
153.719683 78.283709
151.455569 78.141279
149.452125 78.299392
147.508945 78.190206
145.396432 77.966861
143.053352 77.529950
140.628569 76.995641
138.342752 76.541282
136.195507 76.206114
134.080360 76.020724
131.953848 76.126029
158.436261 80.437547
155.655174 80.385169
153.267096 80.438777
151.100746 80.385347
148.926757 80.298979
146.541457 80.002640
144.083998 79.575099
141.815158 79.190877
139.756791 78.834347
137.756488 78.488936
135.705871 78.122864
133.648622 77.915741
131.668727 78.027801
158.522692 82.862212
155.596124 82.469580
153.098869 82.457531
150.686300 82.279749
148.099482 81.968898
145.582349 81.657126
143.354697 81.404753
141.261496 81.130639
139.212725 80.727431
137.163716 80.356927
135.231725 80.055590
133.437010 79.924811
131.678763 79.986296
159.292213 85.199618
155.969569 84.503842
152.952342 84.364525
150.084598 83.992298
147.521665 83.641987
145.176747 83.462712
142.961498 83.240000
140.862856 82.990507
138.905345 82.643915
137.017907 82.286672
135.202788 82.056160
133.449237 81.913090
131.527535 81.867049
156.999573 86.725386
154.065916 86.193268
150.680276 85.794222
147.635769 85.429928
145.211451 85.296852
143.056883 85.106245
140.989263 84.868550
138.985925 84.571798
137.081439 84.146622
135.137988 83.847536
132.948311 83.612589
130.601155 83.522099
152.225668 87.535246
148.749118 87.055578
145.898983 87.115802
143.341400 86.973728
141.163909 86.621820
139.049659 86.244142
136.700449 85.747309
134.311645 85.295119
131.955766 85.050123
129.575133 85.114484
150.364711 88.966156
147.452725 88.761960
144.406630 88.571014
141.375677 88.320198
138.471003 87.731746
135.943112 87.167019
133.582681 86.762084
131.206208 86.616003
129.051705 86.783512
145.943680 90.276292
142.846125 89.752563
139.587338 89.240091
136.776071 88.798534
134.273558 88.375988
131.921322 88.095561
128.850642 88.471573
141.322694 91.148993
138.349031 90.838722
135.926770 90.536360
133.933088 90.205016
132.232162 89.900065
117.576463 52.825180
115.444367 51.886778
113.022472 50.864209
125.830798 62.129021
123.216501 60.873039
121.211006 58.727893
119.255229 56.727886
117.405158 55.306444
115.356613 54.643734
113.633040 53.731058
111.421905 53.365830
134.266896 62.011660
131.822299 62.968993
129.894402 64.070069
128.188585 65.006657
126.425104 65.546460
124.527795 65.238900
122.885866 63.986524
121.540990 62.193068
120.101879 60.317393
118.286139 58.780031
116.492284 57.654869
114.820652 56.948832
112.835971 56.354567
134.641225 67.510246
132.865622 67.820328
130.830172 68.748345
128.296350 69.631408
125.919740 69.840613
123.655959 69.446589
121.453543 68.403555
119.630402 66.772211
118.331372 64.965353
117.316745 63.304143
133.660201 65.088062
131.794717 65.924252
130.008023 66.883196
128.188219 67.660975
126.240932 67.960069
124.214020 67.594024
122.299279 66.580631
120.855337 65.015767
119.892445 63.358659
118.855438 61.783647
117.406532 60.642190
115.803762 59.700917
113.595474 59.081551
103.245040 49.703968
101.366094 50.946533
99.612642 51.888933
97.711921 51.056176
95.633871 50.198711
93.344107 48.905804
90.883190 47.196221
113.022472 50.864209
110.289752 50.441289
107.926440 50.485968
105.817540 51.107294
104.169272 52.362619
102.706927 53.583866
101.155318 54.478963
99.468871 55.041996
97.684499 54.418215
95.929273 53.284421
94.059383 51.748974
91.465488 50.121846
88.705427 48.651830
111.421905 53.365830
109.457409 53.137078
108.024609 53.361930
106.642597 53.964974
105.145728 54.668736
103.525307 55.735139
101.603899 56.763760
99.596656 57.247220
97.588249 56.941855
95.727671 55.996351
94.233648 54.338115
92.520741 52.398179
89.763694 50.916367
112.835971 56.354567
110.974869 56.008469
109.520857 55.683797
107.874181 56.049817
105.896171 56.674474
103.517929 57.787751
101.188478 58.771158
99.107560 59.129404
96.995451 58.837095
94.948539 58.037352
93.384512 56.583596
92.412834 54.713027
90.858624 52.940670
111.643164 60.513860
109.742686 59.946677
107.448086 59.991232
104.917775 60.608121
102.815913 61.537426
101.018258 62.285067
99.258838 62.671996
97.329390 62.535580
95.126038 61.988457
92.815219 61.024567
113.595474 59.081551
111.461138 58.384050
109.533148 58.042704
107.322826 58.200776
104.902248 58.877733
102.422805 59.954653
100.289967 60.694266
98.252403 60.816646
96.056365 60.429063
93.847623 59.595045
92.036735 58.299201
90.934975 56.691707
90.273258 55.114526
86.876267 47.417851
85.097468 46.499408
82.902325 46.274681
86.633074 49.961496
84.178443 49.330622
82.131203 48.899704
80.609501 47.668860
78.420132 47.569137
88.323086 51.832482
85.413252 51.506180
82.324845 51.073802
79.828335 50.521423
77.721555 50.304016
75.965343 49.335136
73.704958 49.549659
87.067495 55.835450
85.671765 55.219365
84.177425 54.668838
82.294208 54.178883
80.046038 53.894768
77.483744 53.867534
75.179896 54.311751
72.948441 54.946653
70.853861 55.348348
68.694178 54.311196
88.868899 54.015614
86.841986 53.209342
84.028109 52.625790
81.190837 52.501957
78.487115 52.377952
75.899264 52.184586
73.700641 52.479721
71.462933 52.151122
55.992940 57.517022
55.798624 59.857521
53.530769 58.854845
51.422453 57.973666
56.956991 61.288257
53.196365 61.257695
50.873204 60.933128
48.827641 59.871270
58.089923 62.616576
54.832657 62.409303
51.575907 63.116480
49.305164 63.531346
47.207213 62.452719
57.240222 64.503099
55.359935 64.160478
53.018872 64.341815
50.681710 65.428297
48.664036 66.247293
46.535775 65.035381
56.113284 66.690306
54.611795 66.283429
53.017689 66.523037
51.462573 67.394407
49.863930 68.469146
47.904117 68.454354
45.700934 67.244877
54.103445 70.997985
53.990900 68.921479
52.502312 69.740937
51.206925 70.228334
49.973121 71.039993
48.310905 70.770966
46.253424 70.013532
54.438606 73.707168
53.174710 73.509290
52.343210 72.302196
51.095778 73.010662
49.733143 73.210355
48.210085 72.993462
46.330925 72.634871
56.305203 78.974539
54.421270 78.393361
52.633152 77.751058
50.896371 77.496717
48.862853 77.795823
55.009918 76.411067
53.627171 75.907763
52.329694 75.275223
50.970530 75.168045
49.412561 75.336090
47.487199 75.369903
83.225152 57.468663
82.480870 56.237877
81.020114 56.765973
79.823003 55.917479
78.246374 55.675197
76.277084 55.855801
74.238274 56.634748
72.099023 57.642206
69.850528 57.918094
67.445173 56.561716
81.747844 59.524296
80.208026 59.787930
79.447028 58.459617
77.976838 59.189484
77.355068 57.629502
75.766570 58.289078
74.155566 59.040681
72.426226 59.941811
70.459790 60.348260
68.212691 59.689356
65.678175 58.373887
62.653406 56.790384
81.234696 61.975032
79.446244 61.985777
77.912364 61.884356
76.405024 62.753918
76.133163 60.605072
74.737698 61.841497
73.310149 62.008133
71.841720 62.480597
70.084987 62.466803
68.117204 61.937106
65.811779 60.593846
62.754028 58.928153
59.115323 57.163038
80.519842 64.165908
78.954855 64.383399
77.557114 64.684580
76.241143 65.129082
75.000229 64.855315
73.822051 64.481658
72.504655 64.584967
71.028486 64.539306
69.284961 64.420654
67.355146 63.907252
65.485990 62.462012
63.037882 60.513931
59.096834 59.129662
80.630966 66.365689
78.930791 66.698614
77.439182 67.152716
76.057570 67.620630
74.666406 67.652238
73.398980 67.047965
71.994679 66.682015
70.360149 66.497541
68.410900 66.281867
66.293687 65.670600
64.628147 64.130257
63.089752 62.085875
59.787717 60.565961
81.863066 68.087743
79.831331 68.525372
78.011249 69.236147
76.366863 69.919534
74.708625 70.120401
73.105242 69.579654
71.490698 68.885266
69.602039 68.428984
67.396883 67.991200
65.051150 67.202961
63.330473 65.685960
62.364813 63.670368
60.730128 61.899839
81.979314 70.079296
80.241695 70.498100
78.480500 71.303779
76.717545 72.094452
74.833664 72.311292
72.888773 71.828376
70.927884 70.976832
68.765065 70.221976
66.284364 69.527456
63.766508 68.547066
61.773119 67.166627
60.933354 65.238813
59.947132 63.577929
80.929100 73.127385
79.524502 73.404094
78.144394 74.044180
76.529236 74.409222
74.672446 74.381263
72.612822 73.801557
70.427473 72.736441
68.012788 71.722321
65.202259 70.883952
62.527370 69.843120
60.373071 68.656288
59.006964 67.213163
58.682682 65.457314
80.216887 76.853172
78.943263 76.377930
77.577540 76.628144
76.031350 76.612319
74.213954 76.420653
72.165269 75.669886
69.917588 74.291778
67.349758 73.028328
64.291078 72.158889
61.485653 71.296170
59.371867 70.347881
57.576749 69.535994
56.559642 68.260652
80.829400 79.491881
79.347553 79.135815
77.754560 78.901249
75.958751 78.779177
73.903522 78.475612
71.686876 77.593622
69.494610 75.913475
66.843639 74.348432
63.532862 73.537262
60.880410 73.002799
58.766796 72.363397
57.047161 71.802759
55.553318 71.337329
83.005573 81.704517
80.889705 81.547313
78.627982 81.145949
76.332191 80.868260
73.873957 80.489817
71.334153 79.616078
69.107394 77.873513
67.170900 76.032883
64.436681 74.932898
61.142226 74.802397
58.802988 74.660656
57.090081 74.422154
55.697085 74.036671
86.800922 84.331612
83.914058 84.340769
81.020369 84.125421
78.377308 84.070787
75.585284 83.841077
72.539861 83.393836
69.469660 82.129164
67.056080 80.861684
65.075198 79.351293
63.211639 78.412488
85.417026 83.291161
82.558194 83.204309
79.783928 82.844152
77.184872 82.646227
74.381573 82.350523
71.516119 81.630644
68.871403 80.117451
66.799402 78.179125
64.855830 76.758987
62.390224 76.262087
59.904759 76.697771
58.089212 77.042051
56.473618 76.866535
107.065033 61.885575
105.045590 62.418201
103.263381 63.214979
101.620263 64.018829
100.023624 64.670407
98.337843 64.885831
96.482556 64.420554
94.371065 63.671049
92.100645 62.581520
89.915513 61.223542
87.839377 59.816555
86.122975 58.625630
84.641028 57.840382
106.268432 64.036499
104.373765 64.706211
102.651932 65.621546
101.053333 66.511232
99.466993 67.165061
97.744735 67.133598
95.955091 66.386922
93.887048 65.372283
91.503545 64.141481
89.281387 62.885046
87.406720 61.648904
85.467093 60.676483
83.420721 60.055258
105.831567 66.281109
104.111710 67.035084
102.517663 67.992116
100.937490 68.913165
99.248819 69.493531
97.456574 69.352693
95.746402 68.461921
93.988895 67.201224
91.668185 65.799814
88.796465 64.540793
86.587858 63.469322
84.867594 62.654743
83.077411 62.199865
106.188231 68.508193
104.551827 69.146759
102.850135 70.104319
101.040682 71.077059
99.177774 71.637059
97.221137 71.491420
95.376752 70.628952
93.856129 69.193160
92.262435 67.516962
89.751134 66.156649
86.634117 65.310539
84.159944 64.694060
82.239784 64.289496
106.711156 70.663780
104.750851 71.285455
102.700130 72.313343
100.760656 73.290198
98.822917 73.709760
96.711742 73.441004
94.656919 72.585158
93.028438 71.162710
91.894014 69.487955
90.389795 67.934351
87.946554 66.794122
85.163390 66.449283
82.644658 66.281528
105.450324 73.201927
103.477313 74.095418
101.746964 75.081225
100.086135 75.789130
98.169065 75.754290
95.969239 75.321432
93.719000 74.336977
91.844314 72.888785
90.535755 71.301098
89.577640 69.828227
88.208282 68.727281
86.223803 68.122418
83.954006 67.857236
104.052748 76.210332
102.575744 77.193462
101.327004 78.286011
99.653147 78.339272
97.729166 77.990911
95.413119 77.422980
92.887032 76.171283
90.676929 74.517831
88.990371 72.986662
87.739788 71.662365
86.761593 70.384693
85.188062 70.277300
83.687565 69.915173
103.897969 79.397569
103.488906 80.881255
102.082915 81.263692
100.428961 80.707323
98.474055 80.311462
96.093646 79.767799
92.803296 78.490967
89.975901 76.498997
87.886423 74.924632
86.244251 73.832028
84.875147 73.048063
83.459178 72.963886
82.218172 72.289184
106.635882 82.774664
105.932500 83.819624
104.321564 83.164186
102.601226 82.993294
100.506443 82.458184
98.146114 81.796066
95.443341 81.135583
90.435767 78.907751
87.582251 77.292142
85.620751 76.446760
84.039044 76.115736
82.647210 76.058162
81.386869 76.317898
109.977105 84.952633
108.687604 84.304778
107.418740 85.013724
105.412787 85.173227
103.114411 84.521984
100.827620 83.828106
98.606181 83.294392
94.124309 81.369338
88.817944 79.825080
86.597873 79.396226
84.958631 79.221728
83.566398 79.359342
82.263508 79.728759
112.571209 87.356658
111.070044 86.999991
109.270413 86.821025
106.969937 86.565264
104.333103 86.102899
102.108183 85.504783
99.984016 84.828551
97.212251 83.312908
92.868124 81.416291
90.729228 81.081588
88.391804 81.312359
86.563096 81.482184
84.802073 81.649194
107.762403 90.269906
105.408934 89.750906
103.251080 89.331441
101.211025 88.804847
99.610898 87.543980
97.586025 86.082136
95.638513 85.317356
113.111566 89.817541
111.444849 89.407309
109.654669 88.932061
107.582062 88.150050
105.321540 87.717481
103.089398 87.307631
101.075651 86.602971
98.869734 85.518865
96.415444 84.186731
94.923430 83.124967
92.152982 82.468249
90.037204 82.539949
87.893153 82.958999
135.341538 69.478267
133.064948 69.787957
130.063581 70.584415
127.295551 71.270467
125.042936 71.430031
122.800660 70.999282
120.503239 69.909230
118.421251 68.176776
116.735664 66.177321
115.210827 64.411686
113.383448 63.134779
111.419649 62.315675
109.191037 61.902084
134.320501 71.217738
131.545995 71.462318
128.660479 72.240403
126.272812 72.890841
124.155651 73.027048
121.975351 72.560336
119.787056 71.481525
117.681498 69.799639
115.816431 67.835450
114.096745 66.113259
112.284690 64.876185
110.331355 64.100271
108.287587 63.867667
132.188415 72.865268
129.631974 73.414539
127.348213 74.128464
125.252464 74.671227
123.241691 74.760934
121.243834 74.259741
119.305072 73.199935
117.369057 71.613174
115.343165 69.719078
113.471943 68.051471
111.673231 66.853793
109.744510 66.140260
107.736797 65.963515
130.576541 74.704263
128.421863 75.362427
126.384473 76.078223
124.416714 76.576057
122.463615 76.627570
120.553000 76.085539
118.767880 75.023680
117.085915 73.517955
115.267515 71.770462
113.282240 70.188365
111.364987 69.046751
109.561271 68.387990
107.843034 68.225323
129.889637 76.564974
127.899096 77.239154
125.918234 77.967636
123.924677 78.492477
121.919212 78.569373
119.944892 78.064422
118.121401 77.007546
116.527355 75.526962
115.014227 73.896861
113.372116 72.489480
111.694007 71.496349
110.087571 70.843777
108.471356 70.555446
129.754177 78.442745
127.802276 79.063816
125.728977 79.804906
123.615672 80.377220
121.554115 80.568301
119.455804 80.178123
117.416221 79.133224
115.635842 77.585875
114.134339 75.916946
112.674462 74.522641
111.084570 73.520520
109.361997 72.917940
107.480469 72.794499
129.799441 80.313305
127.614605 80.895303
125.269981 81.661318
123.163458 82.307620
121.212329 82.738611
119.122138 82.510590
116.950673 81.529162
114.872703 79.880282
113.047840 78.018723
111.380702 76.502498
109.633359 75.499671
107.739059 75.125619
105.792185 75.421714
129.231756 82.145700
126.734025 82.790869
124.522358 83.703439
122.692636 84.619941
121.054112 85.453757
119.176429 85.245532
117.101341 84.443549
114.823921 82.761916
112.611691 80.712869
110.613776 79.030383
108.727994 77.988579
106.843983 77.763781
105.186748 78.379723
128.051533 83.986858
125.761299 85.005856
123.978014 86.263928
122.842623 87.618771
121.891768 88.782471
120.299475 88.035707
118.638920 87.578451
116.799609 86.533525
114.183391 84.576764
110.980438 82.352987
109.041699 81.368232
107.442959 80.866353
105.937801 81.291067
127.200411 86.077219
125.416720 87.618144
124.436946 89.325745
125.158759 91.269586
123.721186 91.503306
122.307703 90.728784
120.703705 90.319931
119.108012 89.764185
117.427464 88.736800
115.485357 87.108673
113.746359 86.015602
112.361231 85.037609
111.155388 84.326766
127.033069 88.398195
126.378590 90.479822
127.645063 92.333980
128.731936 93.536570
126.410112 93.334830
124.731568 93.334923
122.812080 92.946886
121.115514 92.336696
119.497642 91.726252
117.902666 91.132287
116.585125 90.133574
115.367704 89.012143
114.041152 87.984096
130.171424 89.150744
130.905110 90.760007
133.730002 92.301906
133.174851 95.359882
130.466710 96.660770
127.763371 97.052695
125.182261 97.017735
122.797779 96.716756
120.553581 96.241208
118.281327 95.392007
127.897995 90.733741
130.918788 92.307825
129.323787 91.484657
131.706882 93.933572
129.418788 94.947259
126.831032 95.182017
124.431948 95.046980
122.325695 94.588606
120.448956 94.087281
118.785869 93.330378
117.025181 93.161782
115.763055 91.981202
114.460242 90.854886
