139.865347 68.796056
138.678830 69.281001
137.723391 69.340734
117.227482 62.118619
114.878906 61.229154
65.833344 82.245599
65.125323 81.816203
64.421785 80.556113
63.373967 79.031338
62.282608 78.875745
60.662572 79.228352
58.051566 79.172217
55.185642 78.412534
52.928630 77.207066
51.502744 76.401968
68.555295 83.998880
66.953838 83.664831
66.069624 83.530463
65.483951 83.146336
64.780356 82.180754
63.873250 81.019637
62.513377 80.457470
59.931026 80.242200
56.494338 79.742254
53.607959 78.644815
71.259319 85.164312
68.209812 84.895579
66.672196 84.494038
65.688859 84.011444
64.878910 83.353039
63.831485 82.502307
61.978976 81.642782
59.089993 81.099073
56.199290 80.521009
72.442864 85.820145
69.529411 85.992213
67.063518 85.534867
65.539736 84.915812
64.263807 84.168532
62.503875 83.383461
95.092730 84.609068
93.570574 83.916735
92.321516 83.314258
90.905941 82.948074
88.979574 83.051275
86.421213 83.517602
83.367033 83.745744
81.282829 83.791278
78.651118 83.874888
72.561736 83.611682
68.881021 82.307121
67.018646 82.098788
88.714712 84.790903
86.873750 84.799799
84.546010 84.770437
82.847645 84.590196
81.437280 84.504973
79.840627 84.480433
77.110669 84.389752
72.098827 84.477704
68.555295 83.998880
80.992336 85.415670
79.604390 85.139174
77.864308 84.905851
74.996812 84.902730
71.259319 85.164312
72.442864 85.820145
93.684611 81.356744
91.519611 81.182330
89.290050 81.802005
60.571133 77.275731
58.588931 77.607670
56.400281 77.174424
91.663990 58.577812
89.528714 57.043408
88.518964 55.866285
142.705068 66.149368
140.228738 65.363711
137.561998 64.778553
147.884361 70.822599
144.920517 69.647267
141.998548 68.848174
146.365845 68.886724
143.896690 67.829749
140.837628 67.024749
138.117067 66.583161
135.950801 66.414144
151.325250 74.157348
148.998309 72.866047
146.043063 71.585279
143.575388 71.033737
142.277221 71.606417
141.622804 72.130425
140.533473 72.268953
138.097515 71.994238
152.811295 76.269104
150.016359 74.864982
147.234922 73.721982
145.415478 73.806706
144.631956 74.698261
143.240027 74.950826
140.533406 74.153117
137.725822 72.993347
134.876655 72.176991
156.093402 79.575926
153.903368 78.339905
150.996454 76.893367
148.590813 76.253862
147.293724 77.092333
145.878682 77.143189
143.295846 76.330112
140.104770 75.421798
137.733305 74.873674
135.867673 74.537376
134.215235 74.304471
157.526429 81.636712
154.871694 80.321307
152.035015 79.105963
150.142487 79.284906
148.523272 79.398174
146.036411 78.815353
143.169851 78.157663
141.267321 77.924683
139.764931 77.830523
138.329357 77.720842
136.851398 77.554999
135.315966 77.014116
159.208700 83.613966
156.199066 82.276936
153.415671 81.556120
151.472671 81.880675
149.162470 81.428591
146.569505 81.021502
144.982594 81.052129
143.678726 81.127949
142.260493 81.048160
140.733143 80.472203
138.735214 79.937955
136.653906 79.028083
134.140514 78.262449
159.159131 84.637339
155.750930 83.477506
153.176622 83.753909
150.231772 83.586153
148.545803 83.936096
147.350206 84.231411
146.013407 83.890595
144.051829 83.368633
141.897558 82.409281
139.266781 81.562126
136.618258 80.745615
134.219834 80.105558
132.247100 79.748705
160.514822 86.640316
156.757004 85.133726
152.914232 85.246836
150.557231 86.103494
149.124039 86.524212
147.316680 85.772047
144.737907 84.981387
142.015279 84.110388
139.569430 83.438063
137.683068 83.109835
136.096734 82.926692
134.537399 82.451486
132.412593 81.763008
158.881146 87.919002
154.280922 87.207140
151.200943 87.744257
148.482602 87.196322
145.498910 86.539624
143.133553 86.183201
141.536563 86.193845
140.012726 85.909531
137.873941 85.094059
135.415930 84.386716
133.145704 83.849497
131.309140 83.596610
152.946559 89.014104
149.358641 88.186739
146.106282 87.715274
144.027544 88.101682
141.766361 87.702410
138.844511 86.998259
136.701067 86.695283
135.214709 86.723768
133.879479 86.768550
132.429009 86.632354
153.290763 90.835228
149.787138 89.463516
145.534759 89.149132
140.967109 88.717678
138.797966 89.049353
137.364047 89.360521
135.801099 89.291020
134.065935 88.438409
131.668258 87.766047
149.190607 91.218876
141.949260 90.550567
139.587231 91.116589
137.526522 90.612158
134.906819 89.935535
132.311185 89.265601
129.913230 88.721847
141.035876 92.538777
138.190074 91.625964
135.633671 90.920441
133.538069 90.411657
132.040985 90.155180
119.059896 53.978824
117.020143 53.353925
115.027227 52.542120
127.676326 61.144178
125.041498 60.622812
122.391685 58.047462
120.896453 56.562268
119.181173 55.722716
117.094981 55.044187
114.848360 54.416752
112.617835 53.845781
137.154713 63.116531
134.880035 62.364807
131.869281 62.352602
129.628781 64.104418
128.615542 65.465833
127.693313 65.267062
126.074960 65.372362
122.932170 64.644220
119.929623 59.718584
117.700985 57.706494
115.899883 56.972595
114.235017 56.592001
112.735972 56.358273
134.321395 66.599406
133.197644 67.255603
132.154793 68.268024
130.293192 69.895165
127.916230 70.817686
126.662666 70.235695
125.404685 69.397198
121.540858 68.164334
119.200423 65.099312
118.803841 63.292044
134.942070 64.266682
132.348986 64.548006
130.827104 66.502773
129.872880 68.389313
128.622712 69.212009
127.540207 68.459074
126.387694 67.588318
122.816367 67.470670
121.008334 64.496095
120.308835 61.645121
118.305006 60.227509
116.603538 59.610835
115.029382 59.156642
105.528629 48.445154
102.941471 48.764040
101.084482 49.576594
99.782911 49.726105
97.994322 49.392105
95.249350 47.889626
93.625025 46.444039
115.027227 52.542120
112.783847 51.937899
110.506631 51.351419
108.150209 50.814030
105.560777 50.572645
103.234866 51.682785
102.309213 53.691335
101.634961 54.677302
100.507344 54.103664
98.941373 53.569599
95.413791 52.806431
91.324809 49.000438
89.993950 47.826283
112.617835 53.845781
110.477099 53.342774
108.428144 52.948124
106.526124 52.887599
105.073576 53.719650
104.392408 55.337680
103.551772 57.058498
102.199894 57.970303
100.947327 57.026614
99.652055 55.752236
96.712290 56.461240
93.638695 52.683439
89.166977 50.285329
112.735972 56.358273
111.329988 56.166805
109.953851 55.828387
108.483264 55.441261
107.200094 55.467338
105.564044 56.537131
103.284395 58.738750
101.356660 59.608327
100.236985 58.770368
99.009034 57.865182
95.526428 57.923073
93.672642 55.502608
92.067565 52.317199
112.741658 60.363540
110.235804 59.652142
107.846872 59.164487
105.439988 59.282561
103.114326 60.261901
101.497647 61.233791
100.403048 61.701863
99.418295 61.535436
97.948550 61.106013
94.918012 60.266556
115.029382 59.156642
113.333213 58.675203
111.058727 58.602120
108.973072 58.030686
106.636026 57.911501
103.465745 59.348691
101.386945 60.574136
100.208161 60.678063
99.083218 60.027796
96.949222 59.576141
93.332578 58.275395
91.815316 56.216448
92.060850 54.631014
88.790909 47.238134
87.461867 46.769995
85.929335 46.630457
86.817026 49.657916
85.086432 49.260330
83.715246 48.785304
82.600920 48.183686
81.453414 47.638549
88.523739 51.668343
85.377045 51.396832
82.736752 51.154227
80.625576 50.771752
79.211901 50.155462
78.244048 49.364047
77.182810 48.818150
87.672046 55.360783
86.945915 54.891209
85.873948 54.561497
83.573517 53.481745
80.476231 53.584932
77.188507 53.833558
74.406145 53.917822
72.511367 53.896172
71.131362 53.317353
69.941456 52.434480
90.514235 52.792315
87.712314 52.559942
84.751280 52.501195
81.655639 52.637666
78.539690 52.442195
76.340177 52.012981
75.030786 51.280565
74.103068 50.391926
57.966041 56.632801
56.163730 59.233391
55.379142 57.994171
54.413268 57.303422
55.895034 61.243766
53.581705 60.666215
52.611450 59.569476
51.744253 58.567726
57.422580 62.121707
53.771373 62.558624
51.190190 62.380472
49.798853 61.506213
48.911948 60.323395
58.354583 62.960946
55.418002 63.258818
52.399247 63.970318
50.299474 64.841143
48.666147 64.793790
47.050183 63.529234
56.261470 66.027060
56.039428 65.142158
53.711543 64.456589
51.901482 65.824276
50.942590 67.412512
49.302103 67.445779
46.942390 65.866030
53.954531 69.330815
53.812579 68.143042
53.542291 67.490059
52.594789 67.746951
51.799299 69.297551
50.541299 69.656618
48.086369 68.032430
53.607101 71.881104
52.661104 72.246454
52.283394 72.124233
51.979442 72.014400
51.452836 72.040916
50.315659 71.135664
47.908371 69.196875
54.639664 76.343812
53.502085 76.075054
52.469336 75.727737
51.576945 75.259302
50.454288 74.498922
54.100874 73.533668
52.874479 74.179357
52.233007 74.329699
51.707336 74.118735
50.954250 73.498679
49.504765 72.046452
83.348362 57.194444
82.745234 56.396226
82.275989 55.969308
81.498720 55.516953
79.000710 54.578908
76.086147 54.921842
74.119306 56.041082
72.632562 57.145112
70.890867 56.893144
68.765732 55.318482
82.637124 59.517618
80.390795 59.175450
78.952692 58.563788
78.606901 57.592706
78.352365 56.996891
77.013132 55.858858
75.221215 56.765383
74.136366 58.726914
72.651002 59.761776
70.299798 58.377162
67.506841 56.968813
63.976305 55.553361
83.935190 61.265454
81.204091 61.024217
78.357515 60.877550
76.345118 60.788329
75.585980 60.439810
75.334617 60.012307
74.713923 60.271502
73.755315 61.413740
72.630054 61.792006
70.804569 60.201626
68.647759 59.423118
63.573569 58.855352
60.369016 55.898076
83.261609 62.713617
81.803593 62.474955
79.530114 62.467712
76.520514 62.668135
74.630258 63.324479
73.802346 63.649549
73.265561 63.813336
72.661150 63.845679
71.823939 63.235850
70.441521 61.724243
68.756379 61.883369
64.871109 61.112239
58.755309 58.369343
81.018491 65.441280
79.960597 64.709928
78.858516 63.980246
76.995663 64.254638
74.859871 64.933222
73.585655 65.387591
72.729349 65.419839
71.884972 65.148389
70.871538 64.514774
69.616471 63.998736
67.200805 64.399947
64.771220 62.397509
58.857220 60.215060
81.130553 67.628986
78.808649 67.846767
77.269515 67.825910
76.021226 67.462395
74.819864 67.177042
73.653225 67.058670
72.538813 66.662033
71.292372 66.287569
69.561282 66.192125
66.844737 66.217468
64.420294 65.312005
63.882247 63.044909
60.433834 60.993532
82.886804 68.482394
80.441269 68.892222
78.736031 70.227242
77.524413 71.246216
76.098092 71.000980
74.151069 69.715196
72.315576 68.250442
70.598270 67.733840
67.587451 67.654804
64.234346 66.986052
62.019035 65.760154
62.116579 63.922751
61.363133 61.698015
81.280900 70.760459
80.389123 70.918102
79.117020 71.855016
77.972067 73.327036
76.891515 73.532263
75.154848 72.295344
72.602094 71.002186
69.172075 70.051131
66.224202 68.540408
63.157713 67.813575
60.314209 67.034931
59.171703 65.723567
59.298335 64.464877
79.285385 74.564380
78.451640 74.952648
77.832310 75.254936
77.197912 75.397460
76.377155 75.109758
75.116600 74.193540
72.948286 73.954469
67.659284 72.380800
65.021380 69.741924
63.386110 68.952266
60.419068 68.524793
57.650709 68.124877
56.283701 67.204287
79.566419 76.293681
78.290855 76.727410
77.355163 76.844012
76.466236 76.740544
75.356867 76.429521
73.903658 76.155084
71.268522 76.046230
67.675014 73.642922
63.460566 71.745133
62.794344 70.164205
61.201725 69.782230
58.336693 69.731924
55.372028 69.698570
79.651724 78.606857
78.444720 78.477981
77.237193 78.107629
75.799848 77.946030
73.736919 77.953167
71.102552 77.831012
68.978486 76.875649
67.706889 74.461527
62.547172 73.839607
60.999254 72.637581
60.284290 71.426411
58.846032 71.017565
56.129909 71.230117
86.514562 82.695809
82.851576 83.011981
79.829153 82.832273
75.345497 82.619530
70.964090 80.775004
68.454078 80.312432
66.228643 80.150809
65.125479 78.700175
64.727269 76.738856
62.364554 76.311279
83.185248 82.173528
80.117239 81.580948
77.202911 80.428584
74.898658 79.674583
71.994065 79.321555
69.021711 78.921655
67.119786 77.843590
66.992330 75.686741
64.107738 74.942370
60.267984 75.227869
58.289755 74.562987
57.289810 73.388137
55.960604 72.765076
108.219984 61.347818
106.293322 61.093567
104.294827 61.226162
102.519628 61.860888
101.163863 62.539087
100.067112 62.852552
99.016777 62.670784
97.178715 62.236119
94.127038 61.014886
91.393903 59.607973
88.876562 58.644009
86.628852 58.112566
84.728712 57.708119
109.372292 64.129287
107.530330 63.722854
105.323173 63.361922
102.826525 63.537040
100.988229 64.511839
99.827100 65.066375
98.553713 64.759354
96.130895 64.229762
93.225492 62.292773
91.765910 60.902278
89.940795 60.436387
87.766656 60.038311
85.236356 59.754876
109.237843 65.611746
106.858535 65.062973
103.944848 65.073708
101.921029 67.007347
101.220211 68.736292
100.353772 68.919330
99.088345 68.197020
96.484551 68.182863
91.756975 64.679598
90.060270 62.789113
89.104069 61.930500
87.816364 61.595377
86.113931 61.285741
106.567668 67.126744
104.514204 67.556319
103.433289 69.232875
102.518111 70.961129
101.362630 71.950128
100.360543 71.742071
99.259975 70.722237
96.557363 70.803694
93.804815 68.077084
89.145018 65.233546
86.934965 64.398340
85.527928 63.895376
84.375512 63.344907
107.564288 70.103147
106.065117 70.077557
104.257503 70.901362
102.030928 72.661310
100.563406 73.374739
99.474810 73.109998
98.062652 72.518276
94.822319 71.831503
93.028039 69.688551
91.859730 67.125906
88.119900 66.457136
84.929554 66.209623
82.587746 65.948563
105.880841 72.015832
103.780547 72.632248
102.021248 73.609380
100.740736 74.269558
99.698608 74.401052
98.352182 74.069013
95.918932 73.452941
92.695387 72.014537
91.113935 70.223733
91.084091 68.912240
89.951483 68.052100
87.232067 67.360746
84.313322 67.431033
105.058544 74.259216
103.106961 74.606318
101.613427 75.152559
100.474674 75.448567
99.284311 75.327882
97.557545 74.994355
94.582785 74.032297
91.543341 72.577039
89.178414 71.326279
87.710430 70.398618
86.783325 69.686273
85.834696 69.404870
84.839349 68.969771
106.083404 76.310678
103.572678 76.332925
101.620118 76.886335
100.250512 77.171062
98.938812 76.935573
96.877438 76.239026
94.286675 74.980639
91.875308 73.914612
89.465404 73.058127
87.060942 72.517039
84.768792 72.127705
82.870549 71.790704
81.743030 71.380025
103.987482 78.452143
102.533672 79.996179
102.199758 81.281166
101.239067 81.346061
99.459333 80.758626
95.748736 79.416768
92.780170 76.542152
91.713796 75.167867
90.304586 74.749201
88.346636 74.316409
85.996067 74.071007
83.302227 73.837128
80.809677 74.035223
107.341144 82.789564
107.932137 83.345793
107.264911 83.738622
105.117085 83.862353
102.130513 83.212491
100.196161 82.964569
92.790470 80.005448
89.499515 77.347878
88.357278 76.528598
87.195546 75.959481
85.809967 75.465834
83.959804 75.468922
81.620291 75.732246
113.252256 84.822790
111.472679 84.479312
109.447793 84.569843
106.660913 84.692628
103.445377 84.351582
101.496099 84.018107
99.912560 83.585341
95.626494 81.216142
87.285223 79.051390
85.130954 78.855455
83.462518 78.852737
82.110065 78.798189
80.878722 78.667711
104.786386 86.398055
102.807917 86.045808
101.242078 85.631175
99.951639 85.065177
98.697775 84.313020
97.412016 83.349241
95.791964 82.267173
112.673687 86.747648
110.692440 86.142088
108.477716 85.777100
105.824321 85.548482
103.195571 85.140733
101.623329 84.787615
100.460324 84.339578
99.114079 83.534779
97.240854 82.243646
94.645775 80.894494
90.326346 80.697033
87.690887 81.322956
85.694928 81.938728
136.548206 69.283353
135.085837 69.056910
132.456652 69.699116
128.792579 71.260751
126.838724 71.776531
125.671821 71.305878
123.913346 70.568157
120.303283 68.387175
117.759634 65.465768
116.021573 63.657926
114.076811 62.741459
112.060019 62.189004
110.112744 61.738243
135.515046 71.072813
132.869777 70.605199
129.435918 71.500333
127.270721 72.396140
126.077653 72.616015
124.965829 72.205946
122.997022 71.521761
119.888759 69.281701
117.691598 67.017019
115.937624 65.786981
114.351173 65.244272
112.737490 64.875011
111.073401 64.509607
132.415402 71.840620
130.097715 72.141811
128.209216 72.825473
126.792008 73.443304
125.620799 73.718909
124.550119 73.525328
122.467473 72.989557
119.555915 70.706130
118.228728 68.972239
116.749463 68.228268
115.168287 67.541968
113.253241 67.012206
111.238057 66.375530
132.579346 74.120091
130.725357 74.010249
128.575180 74.251255
126.524654 75.030189
124.980661 75.849312
123.717923 75.926798
121.496028 75.648873
118.219037 72.980103
116.367401 70.405494
115.041274 69.353418
113.177872 68.673853
111.013860 68.070583
108.801398 67.513957
133.446273 76.541158
131.151807 75.696105
127.803537 76.058889
125.497574 77.982524
124.039327 78.966023
122.773746 78.883889
120.638534 78.199997
117.856496 75.816424
116.236437 73.347867
114.194081 71.717234
112.339205 70.962722
110.669892 70.588719
109.078993 70.316608
131.401092 77.533550
128.624200 77.672957
126.681454 78.980658
124.939852 80.106926
123.459352 80.578575
122.140750 80.359710
119.974093 79.479466
116.945853 77.162890
115.218790 74.946716
113.926072 73.663423
112.032096 72.943659
109.953693 72.456053
107.906375 72.091865
130.622569 79.696417
129.016388 79.799795
126.695624 80.353498
124.413557 81.282580
123.023867 81.616415
121.791949 81.415949
119.655042 80.535791
116.876024 78.523380
114.630874 76.681673
112.713418 75.639612
110.909610 75.114635
109.080369 74.733087
107.137418 74.394605
130.070049 81.301087
127.541640 81.360683
125.469965 81.959904
124.010697 82.526354
122.831086 82.806723
121.591644 82.606798
119.552203 81.960078
117.100818 80.145454
115.393204 78.951190
113.876351 78.147978
112.230495 77.542912
110.382507 77.013192
108.388147 76.597567
129.714122 83.507797
128.027352 83.474595
126.044102 83.605755
124.002194 84.034189
122.315084 84.660447
120.860018 84.928924
118.569751 84.743395
115.453089 82.095926
113.965504 80.284323
112.563216 79.438225
110.739841 78.887613
108.650207 78.427093
106.365995 78.110604
130.781992 86.055988
128.647953 85.272204
125.430406 85.237255
123.018670 87.224717
122.518777 89.133151
121.682940 89.228243
120.538456 89.091201
119.063778 88.981721
115.518837 85.510527
110.956478 81.583205
108.980645 80.882348
107.118193 80.721731
106.230888 81.804142
129.012372 87.057117
126.083407 86.967296
124.598648 89.224335
126.108901 91.301039
126.589940 92.063739
124.722343 92.163761
122.093094 91.221024
120.706683 90.913136
119.601017 90.460017
118.599278 89.557634
117.564423 88.268086
116.289776 86.768544
114.871054 85.597952
131.287831 90.209376
131.426328 90.668846
132.599727 91.822013
132.148144 93.601253
129.604863 94.000321
126.446793 94.028550
123.224734 93.532194
121.256728 92.830284
119.865170 92.346499
118.384303 91.611806
127.850722 88.551523
126.352185 89.585000
127.658640 90.461158
127.379141 90.230257
129.468536 92.626748
126.682642 93.176921
123.226441 92.627404
121.248295 91.984487
120.126154 91.535916
119.046579 90.852763
117.934173 89.858554
116.505039 88.655446
114.653989 87.564374
