143.132665 71.842068
140.916198 70.938975
138.674835 70.336534
115.012055 62.122327
113.127200 61.243588
62.860157 80.820480
61.919684 79.372280
60.206239 78.355639
57.933798 77.939077
55.199580 77.825427
53.735399 76.807037
52.655289 75.477910
51.161942 74.766049
50.549283 74.372331
49.861493 73.208648
65.142826 82.243871
62.296646 81.997522
60.955208 81.055225
60.076705 79.815835
58.076923 79.183323
56.099668 79.075459
54.125883 78.682566
52.620859 77.311632
52.159395 76.485622
51.320539 75.563259
64.743198 83.790666
62.643296 83.313256
60.887684 82.715866
59.371540 81.404840
58.211429 80.412584
56.691464 80.874768
55.737596 80.166794
54.327476 79.130416
53.306133 77.779938
68.078877 84.381854
65.523801 84.075621
63.577128 83.638110
61.639665 83.119523
59.775072 82.471071
58.091969 81.599245
91.197586 84.701494
89.001777 84.743964
87.201476 84.663077
85.905301 84.658824
83.729379 84.459713
81.603789 84.452268
79.153322 84.685181
75.290571 84.717039
72.087496 83.929460
69.581010 83.588849
67.496730 82.428349
64.459808 80.862914
84.962253 84.714098
83.002935 84.469550
81.050715 84.468683
79.032288 84.738921
76.843878 84.634002
73.102197 84.552278
70.050336 84.914278
66.696147 83.541670
65.142826 82.243871
76.593033 85.035144
74.345487 84.599933
71.678399 84.883572
69.451342 85.009620
64.743198 83.790666
68.078877 84.381854
86.956708 83.663672
85.266447 84.097676
82.917203 84.115837
57.090662 76.758758
55.286956 76.254424
54.144158 75.109117
90.639720 59.879365
88.766211 58.513133
87.352587 57.199212
145.635710 68.789270
143.271974 67.971015
140.947803 67.223398
150.473854 73.760346
147.818591 73.362388
145.582827 72.547086
149.068526 71.667500
146.818213 70.950103
144.480215 70.568564
142.428940 69.800005
140.259558 69.129078
153.678693 76.469582
151.333991 75.712785
148.601472 75.126056
145.957026 74.300057
143.614112 73.378345
141.003134 72.484917
138.685689 71.835251
136.336286 71.485037
154.719148 78.397480
151.596020 77.672053
149.199058 76.706349
146.268580 75.811209
143.587999 74.856979
141.196482 73.933545
138.664833 73.282475
136.261571 72.941301
133.852395 72.883944
157.726504 80.960380
155.333557 80.137449
152.130921 79.220599
149.038468 78.287890
146.670472 77.240331
143.873612 76.379655
141.262187 75.579019
138.993517 74.938944
136.820374 74.573196
134.689700 74.389448
132.565777 74.510761
158.389368 82.931022
154.782664 81.820206
152.480221 80.752957
149.550415 79.789079
146.704971 78.937866
144.365504 78.173531
142.127503 77.602445
140.081276 77.173774
138.142618 76.743502
136.162766 76.370099
134.101318 76.155182
131.983865 76.237669
158.790515 84.955564
155.421172 83.428265
152.204263 82.546719
149.872216 81.656815
147.568826 81.041780
145.497350 80.605988
143.599328 80.083552
141.712390 79.603817
139.780223 79.202758
137.789835 78.752098
135.719617 78.254915
133.646610 78.008476
131.671431 78.095056
155.718177 85.596203
153.150391 84.966400
150.994170 84.548722
149.082195 83.778272
147.158823 83.269297
145.233009 82.838945
143.295987 82.208188
141.270372 81.588056
139.167559 81.118475
137.133219 80.648228
135.231400 80.212144
133.444741 80.047752
131.694195 80.077609
159.927586 91.126491
158.003252 90.581571
156.078918 90.036650
149.453304 86.647658
147.000843 85.697251
144.706994 85.065040
142.575373 84.182359
140.577540 83.662496
138.692370 83.267507
136.896605 82.875048
135.174108 82.352179
133.387242 82.157215
131.443073 82.053637
157.458332 92.505905
155.533998 91.960984
153.609663 91.416064
151.685329 90.871143
149.760995 90.326223
142.770672 86.761118
140.547627 86.232717
138.530769 85.712133
136.507913 85.223872
134.589068 84.351931
132.438726 84.122029
130.234570 83.953095
153.064743 93.340398
151.140409 92.795478
149.216075 92.250557
147.291741 91.705637
145.367407 91.160716
143.443073 90.615796
141.518738 90.070875
133.978621 86.582033
131.518349 86.299367
129.326910 86.056980
150.595488 94.719812
148.671154 94.174891
146.746820 93.629971
144.822486 93.085050
142.898152 92.540130
140.973818 91.995209
139.049484 91.450289
137.125150 90.905368
135.200816 90.360448
146.201900 95.554305
144.277566 95.009384
142.353232 94.464464
140.428898 93.919543
138.504563 93.374623
136.580229 92.829702
134.655895 92.284782
141.808311 96.388798
139.883977 95.843877
137.959643 95.298957
136.035309 94.754036
134.110975 94.209116
122.957191 57.475195
121.542099 55.493154
119.207908 54.633793
129.323243 65.674867
127.186744 64.616709
124.578515 64.508171
122.928319 62.947082
122.551167 60.753064
121.404584 58.921937
120.009444 57.573969
117.723814 56.933590
139.841851 64.468282
137.482263 64.082862
134.916907 65.005522
132.123962 66.514033
129.414370 67.734643
127.252676 67.335822
125.240541 66.668775
122.779677 65.921730
121.233992 64.207796
120.623902 62.191058
119.903967 60.460098
118.358281 59.401733
115.899065 58.627953
137.914913 68.667075
135.412078 68.562627
132.315010 69.240102
128.894649 70.344522
126.365528 70.508867
124.238059 70.052162
121.961522 69.102395
119.571085 67.559253
117.785343 65.538030
116.515956 63.606224
138.707114 66.776205
136.567754 66.548695
133.987772 67.397513
130.758432 68.783451
127.801689 69.218350
125.679535 68.804068
123.523621 68.048474
121.122444 66.874854
119.513480 65.038385
118.688578 63.099761
117.732150 61.526433
115.970273 60.616831
113.209675 59.361285
109.334542 50.342507
106.570538 51.989813
104.239673 53.788949
102.129232 54.370414
100.858961 52.772947
98.676362 52.630530
96.417897 52.298087
119.207908 54.633793
116.169923 54.310573
113.812446 53.606292
111.754648 52.666641
109.750873 52.496582
107.748287 53.457843
105.474379 54.917289
102.723194 56.221868
100.732559 56.313880
99.272428 55.265173
97.202964 55.069622
95.313585 54.145368
94.348291 51.636632
117.723814 56.933590
115.239483 56.138385
113.018336 55.506919
110.939556 54.942759
108.821590 54.966897
106.473977 55.970719
103.809899 57.200087
101.245514 58.050143
99.268891 57.846844
97.493444 57.220480
95.427301 56.663055
93.802466 55.312080
93.198389 53.249592
115.899065 58.627953
113.783282 57.350973
111.638072 56.981122
109.435670 56.755317
107.081250 57.281909
104.496166 58.369560
101.988850 59.288835
99.752238 59.611498
97.743305 59.273289
95.725188 58.705059
93.639544 57.785253
92.138128 56.350644
91.562658 54.587054
110.637211 60.436310
108.631280 60.145908
106.426735 60.455212
104.316845 61.271578
102.530422 62.125259
100.843116 62.701091
99.161498 62.931141
97.324670 62.699553
95.212940 62.084378
92.906325 61.129778
113.209675 59.361285
111.190700 58.653542
109.187243 58.472056
106.849369 58.813303
104.381117 59.780672
102.273859 60.658864
100.357296 61.111841
98.434116 61.090630
96.392650 60.669827
94.180070 59.922905
92.024744 58.816636
90.399346 57.419452
89.504651 55.884371
93.715265 49.326861
92.141711 47.278831
90.059203 45.976829
92.320275 51.116696
91.294234 49.494794
89.626005 48.733359
87.634755 48.076021
84.869540 46.500957
91.053383 52.868820
89.980383 51.577137
88.381729 50.971829
86.581340 50.385465
84.691727 49.642320
82.464873 49.050603
79.111020 47.976390
86.475063 55.826531
85.177590 55.170917
83.858967 54.985720
82.908848 54.151771
81.778661 53.579941
80.403881 53.255189
78.769559 52.999369
77.128203 52.388811
75.289478 51.966418
73.784718 53.996207
89.151883 54.371627
87.992262 53.428411
86.513622 52.920729
85.024991 52.321338
83.473467 51.688265
81.613469 51.196544
79.371327 50.705072
76.953703 49.581435
62.939555 57.808686
61.902123 59.274556
60.407882 56.924988
58.422453 55.410674
60.753222 60.724590
59.604032 59.067001
57.865110 58.124352
56.071333 56.525505
59.474088 62.554184
58.462541 61.289881
56.953921 60.560091
55.103252 59.871339
52.913012 59.228716
57.533471 64.414977
56.499308 63.402742
55.302723 62.659161
53.926068 61.996978
52.272871 61.492814
50.294002 60.523917
54.939011 66.407031
53.249218 66.329194
53.803658 64.473763
52.266173 64.261497
51.150171 63.381318
49.641062 62.692035
47.720746 61.889864
52.805768 68.967877
51.112463 68.682268
51.454363 66.867350
50.064894 66.575341
49.828581 65.061529
48.365539 64.430321
46.503330 63.845038
52.270858 70.946623
50.544680 70.440689
49.453256 69.498353
48.890376 68.176886
48.322503 66.901529
47.161063 66.155413
45.943308 65.858625
53.118266 73.953373
51.540455 73.277836
49.624728 72.773142
48.972616 71.966533
48.392885 70.701428
52.989820 72.445575
50.807453 71.972808
48.856016 71.354116
48.094386 69.979874
47.682768 69.182974
47.152250 68.147365
82.808698 57.382352
81.362325 57.455895
81.129199 55.844822
79.626187 56.590165
79.070175 55.084189
77.569232 55.622266
76.270974 54.748865
74.794281 55.844788
73.494594 57.390083
71.644057 57.422178
81.563406 59.836505
80.043979 59.424962
78.523518 60.052966
78.401868 58.006586
76.799246 59.644712
76.454016 57.591597
75.058841 58.675233
73.715389 59.639121
72.381162 60.615011
70.887026 60.032635
69.657403 58.586637
67.879756 57.397549
81.245088 62.014148
79.546785 62.088739
78.058840 62.149079
76.807063 62.485743
75.549977 62.547683
74.828994 61.210131
73.693943 62.367996
72.493168 62.942107
71.103394 62.620576
69.713683 62.188654
68.677686 61.027922
67.028939 60.516252
65.425798 59.030265
80.533868 64.199801
78.978704 64.439414
77.579478 64.728396
76.308288 65.066011
75.081141 65.200118
74.002108 64.623535
72.756837 64.980203
71.394011 64.791356
69.948170 64.518520
68.449335 64.090671
67.034873 63.349474
65.602843 62.291251
64.296539 60.546777
80.638701 66.376325
78.944045 66.709420
77.461825 67.166619
76.102037 67.651075
74.729551 67.765132
73.455030 67.259841
72.081031 66.909827
70.527036 66.656379
68.785887 66.352583
66.941285 65.892120
65.222643 64.993441
63.956873 63.415038
62.941051 61.396397
81.865219 68.087296
79.836164 68.528177
78.021954 69.242839
76.384943 69.936214
74.733254 70.161678
73.122676 69.676483
71.507857 69.018020
69.671485 68.528875
67.594042 68.077101
65.365418 67.395078
63.394257 66.212154
62.246958 64.501827
61.648978 62.607604
81.980111 70.064025
80.241071 70.495032
78.482458 71.297320
76.706954 72.078217
74.819965 72.311205
72.880431 71.866101
70.926640 71.043926
68.792032 70.291104
66.376028 69.598251
63.888913 68.629970
61.736630 67.387934
60.349227 65.888295
59.917708 64.187970
80.854178 73.137103
79.450215 73.392691
78.055809 73.968523
76.423270 74.287588
74.566111 74.318413
72.524174 73.816041
70.371573 72.792650
67.982371 71.783291
65.208456 70.913506
62.593536 69.795470
60.352364 68.581745
58.596926 67.393705
57.480816 66.042827
79.932777 76.520881
78.666083 76.154771
77.291977 76.302289
75.738267 76.324946
73.900661 76.244283
71.877102 75.633519
69.754244 74.347089
67.256630 73.087176
64.201400 72.137500
61.488484 71.056258
59.301557 69.873947
57.207952 68.804178
55.489312 68.010873
79.771237 78.945135
78.440113 78.519933
76.953373 78.344510
75.216682 78.289961
73.172569 78.096361
71.000419 77.363655
69.007391 75.839220
66.518294 74.305409
63.284465 73.336255
60.772924 72.620697
58.905517 71.431333
56.727185 70.468122
54.451019 69.702645
79.964104 81.301973
78.398020 80.898895
76.675216 80.486437
74.654460 80.219534
72.351984 79.824749
69.996174 78.964201
68.089658 77.405472
66.306518 75.800995
63.275010 74.776686
60.148007 74.165790
58.211234 73.325879
56.822915 72.162878
54.693107 71.401650
80.275524 84.515919
78.099169 84.195207
76.180530 83.611899
73.517641 83.140415
70.518214 82.697473
68.213850 81.492279
66.109763 80.368626
64.171736 79.054145
62.875542 77.687631
60.783022 77.035043
80.340416 82.956956
78.474656 82.780532
76.355313 82.353121
74.074311 81.935876
71.448662 81.397876
69.042882 80.349181
66.939985 78.920947
65.366466 77.320598
63.477030 76.157205
59.938526 75.737063
57.574400 75.153362
55.947956 74.282988
54.892791 73.050810
106.904517 62.106880
105.014053 62.705551
103.248923 63.526002
101.578513 64.297976
99.964130 64.878527
98.281675 65.022130
96.443960 64.499923
94.354824 63.694649
92.090203 62.607868
89.889678 61.325246
87.750488 59.976148
85.804497 58.771243
84.210372 57.906907
106.317563 64.134809
104.421533 64.820174
102.678690 65.743800
101.057648 66.623730
99.452935 67.245397
97.724726 67.188228
95.935568 66.421645
93.875194 65.381821
91.495370 64.154890
89.269061 62.936694
87.401045 61.736348
85.480557 60.769245
83.409583 60.102031
105.837429 66.322736
104.127030 67.078470
102.531728 68.034681
100.943376 68.947642
99.245552 69.510055
97.450389 69.362919
95.738484 68.472429
93.984006 67.204641
91.668281 65.805654
88.794155 64.565181
86.573568 63.501766
84.848872 62.697329
83.076660 62.217697
106.191717 68.520942
104.557892 69.158277
102.857940 70.110499
101.048486 71.064741
99.178894 71.590632
97.219145 71.449116
95.373992 70.611965
93.852707 69.188276
92.260901 67.518402
89.754705 66.164841
86.637571 65.323563
84.156314 64.710653
82.243619 64.300329
106.713602 70.661293
104.756753 71.272188
102.702980 72.270052
100.755073 73.169813
98.813101 73.518377
96.700927 73.294076
94.641046 72.509790
93.017890 71.139607
91.891801 69.482512
90.390112 67.934917
87.947557 66.798265
85.165477 66.453248
82.647166 66.287299
105.418217 73.158542
103.438584 73.991538
101.703869 74.846009
100.036663 75.370453
98.149972 75.328484
95.948174 74.984386
93.699848 74.127386
91.809586 72.804110
90.509296 71.273118
89.572582 69.817852
88.208337 68.724393
86.222589 68.122132
83.955596 67.857252
103.940181 75.962975
102.427747 76.737942
100.994299 77.463338
99.387696 77.552268
97.498741 77.262014
95.261368 76.764828
92.864357 75.700959
90.652092 74.276285
88.932049 72.886055
87.684182 71.628602
86.751494 70.351879
85.177451 70.285632
83.686999 69.910551
103.419311 78.669699
102.040664 79.555430
100.636965 80.241119
98.959981 79.865330
97.015820 79.421035
94.738914 78.685682
92.294771 77.409980
89.964376 75.938726
87.858876 74.655176
86.156870 73.671704
84.758494 72.969111
83.334076 72.988425
82.133621 72.232567
103.304054 81.488119
102.186296 82.430010
100.683073 82.545065
98.954191 82.077471
96.947539 81.574663
94.688389 80.624795
91.993244 79.123209
89.410219 77.681628
87.305852 76.604991
85.422030 75.969885
83.804602 75.761344
82.383472 75.768079
81.109706 76.039007
104.119563 83.764673
102.987553 84.272601
101.483527 83.957192
99.502203 83.588151
97.385594 83.183597
95.191850 82.423070
92.680660 80.816460
89.615853 79.449804
87.052527 78.639099
85.180004 78.384501
83.638513 78.457259
82.315809 78.793222
81.098489 79.290045
105.662418 85.130161
104.193601 85.711268
102.561458 85.365383
100.119850 85.027826
97.749761 84.809034
95.529735 83.761017
93.479890 82.425312
90.794013 80.962289
87.816212 80.412083
85.702765 80.571498
84.162890 80.981961
82.875226 81.502180
81.458440 81.644395
101.374604 85.242474
99.345352 84.968723
97.239473 84.892609
95.038491 84.746040
92.828155 84.660923
90.221763 83.242436
88.433398 83.275621
106.630847 86.456634
105.035715 85.926143
103.295592 85.620259
101.026110 85.227147
98.745778 84.829291
96.295665 84.773111
93.691373 84.122084
91.806304 82.698040
89.155150 81.694084
86.972793 82.050583
85.408056 82.603942
84.006285 82.949350
82.160450 83.054601
136.220831 70.004050
133.393111 70.195342
130.162392 71.006860
127.374559 71.735779
125.133819 71.824539
122.962023 71.258411
120.618286 70.135682
118.288535 68.489122
116.396614 66.458203
114.756623 64.521747
112.977520 63.141029
111.034217 62.219348
108.876484 62.064806
133.960340 71.432989
131.158192 71.905229
128.452262 72.690227
126.144034 73.229481
124.064861 73.243494
121.950322 72.653652
119.790617 71.575896
117.680986 70.016265
115.798479 68.075953
114.075921 66.304679
112.299196 65.001559
110.394182 64.172367
108.342111 63.983948
131.592442 73.207732
129.349442 73.757679
127.161237 74.443819
125.118269 74.893383
123.147472 74.877875
121.199036 74.300032
119.285599 73.236303
117.356111 71.710165
115.325516 69.824543
113.438124 68.124798
111.636905 66.901888
109.724050 66.172968
107.726126 66.007645
130.438578 74.910158
128.362190 75.549526
126.336890 76.242539
124.367801 76.684827
122.421483 76.679439
120.530146 76.093971
118.757070 75.026121
117.075884 73.547030
115.259856 71.806980
113.273325 70.212353
111.355455 69.067196
109.556768 68.405845
107.843776 68.241747
129.913885 76.660941
127.912951 77.323398
125.916933 78.035727
123.919383 78.522631
121.916288 78.552238
119.944401 78.014123
118.119471 76.966290
116.525939 75.513245
115.012391 73.896902
113.370124 72.486546
111.691398 71.493239
110.085274 70.844798
108.471207 70.556416
129.763794 78.496099
127.814018 79.102805
125.746468 79.817733
123.641286 80.322682
121.582503 80.422435
119.469091 79.977809
117.410112 78.961743
115.614544 77.469735
114.110237 75.848139
112.660320 74.478612
111.078955 73.489693
109.353783 72.893688
107.463452 72.766567
129.815373 80.377463
127.632099 80.916286
125.300663 81.603486
123.219945 82.113420
121.260541 82.315949
119.125635 81.992003
116.914337 81.068337
114.838691 79.521732
113.017494 77.769147
111.316078 76.306179
109.532712 75.346334
107.611616 75.016183
105.669344 75.292727
129.153047 82.266705
126.740529 82.786717
124.576006 83.503589
122.704905 84.084693
120.837603 84.365606
118.800155 84.139304
116.668249 83.359852
114.545758 81.838765
112.464756 80.005685
110.561078 78.476346
108.674999 77.555774
106.749838 77.384891
104.962331 77.856477
127.910419 84.280308
125.790519 84.882342
123.896842 85.638115
122.183364 86.228040
120.469741 86.449670
118.573697 86.236210
116.585738 85.685348
114.742300 84.294745
112.582994 82.406715
110.323015 80.798713
108.249632 79.916943
106.330138 79.858115
104.675392 80.529380
127.138894 86.460288
125.254056 87.016612
123.502229 87.550346
121.913453 88.113687
120.404490 88.110258
118.514796 87.794979
116.559607 87.533894
114.990799 86.775989
113.307008 84.910956
111.097818 83.258137
108.946801 82.332709
106.910003 82.161612
105.208102 82.789892
128.317527 88.287583
126.043628 88.647560
123.988926 88.978453
123.346362 89.576130
121.195040 89.579545
118.829713 89.134859
116.838758 88.777931
114.764715 89.113493
113.698521 87.606290
112.258886 86.020604
110.526650 84.811498
108.520424 84.259550
106.754363 84.321004
132.186641 93.664196
130.262307 93.119275
128.337973 92.574355
126.413638 92.029434
124.489304 91.484514
122.564970 90.939593
120.640636 90.394673
118.716302 89.849752
116.645488 89.528469
112.584818 91.610229
132.731561 91.739861
130.807227 91.194941
128.882893 90.650021
126.958559 90.105100
125.034225 89.560180
122.490820 89.585111
119.934002 89.572869
117.457081 89.586448
114.206446 90.799569
112.672412 88.842178
111.254125 87.674951
109.786136 86.590045
108.094861 86.589763
