139.765167 68.551603
138.454721 69.168322
136.975836 68.923396
115.793520 62.129048
113.983583 61.219824
68.183105 82.175779
66.348528 81.666730
64.756693 80.962588
63.183555 80.447742
61.615393 80.435504
60.104224 80.588317
58.160382 80.488204
55.903623 79.590820
52.903181 77.739066
50.461002 74.413040
72.058821 83.753806
69.543445 83.320693
67.535849 82.979340
66.030074 82.756222
64.592824 82.328087
63.092841 82.046230
61.431723 82.135326
58.159542 81.589219
55.153302 79.760109
51.956090 76.537835
70.835422 84.644692
68.251307 84.446072
67.361839 84.394077
66.022730 84.051153
64.546245 83.916714
62.863566 83.474867
58.880337 82.044482
56.226854 80.485367
53.600204 78.389720
68.687440 84.493624
66.778918 84.234917
65.134669 83.917845
63.470302 83.605739
61.626260 83.023735
59.419297 82.243216
92.481651 84.743467
91.538387 84.735632
90.327034 84.664101
89.093490 84.682049
88.026625 84.673875
87.257757 84.761071
84.936439 84.431292
82.171187 84.354953
79.394868 83.968628
76.633521 83.734118
73.901042 83.868527
70.493986 82.781186
85.395980 84.745494
84.038922 84.887447
82.400688 84.811983
80.764954 84.812170
79.549121 84.893293
78.703785 85.022423
76.498014 84.842331
74.623412 84.809883
72.058821 83.753806
77.276958 84.842660
75.641771 84.994333
73.758176 84.810398
72.066826 84.882720
70.835422 84.644692
68.687440 84.493624
93.593674 83.497352
91.609560 83.323746
89.395957 83.317540
61.406480 78.350242
59.833765 78.840324
58.204917 78.953571
90.729590 59.687437
89.135820 58.315721
88.245613 56.825595
144.255879 66.582993
139.173509 64.034822
135.534264 64.282395
146.050536 69.431850
143.682481 68.555807
141.390585 68.552843
148.285573 70.265054
142.095366 66.603659
139.702898 66.032133
137.633954 66.246341
136.026591 66.721721
152.967177 75.651710
147.990290 71.448984
144.984737 71.089924
143.271619 70.997787
141.797895 71.308364
140.348394 71.143040
138.755796 71.319211
136.786626 71.218895
150.997603 74.641715
148.777933 73.402829
146.590426 73.277732
144.901798 73.629641
143.262442 73.675313
141.588381 73.581428
139.617350 73.292353
137.420703 72.904275
134.931288 72.693406
158.258600 82.339314
153.184043 76.536623
149.798860 76.104362
147.984379 75.912876
146.250735 75.956743
144.457393 75.826730
142.366070 75.611667
139.992588 75.087298
137.592550 74.599384
135.226865 74.312187
132.872588 74.328213
159.417620 83.884390
153.949868 78.230384
151.408702 78.131552
149.405967 78.351539
147.484722 78.181656
145.393304 77.966120
143.058255 77.532700
140.633095 76.997360
138.345239 76.541500
136.196456 76.205764
134.080540 76.019752
131.953588 76.125173
160.880012 85.820590
155.226902 80.435533
153.033577 80.372274
151.018986 80.382582
148.896405 80.310488
146.536065 80.005541
144.086064 79.576730
141.816363 79.190456
139.756619 78.833491
137.756083 78.487983
135.705727 78.122563
133.648644 77.915416
131.668782 78.027668
157.393617 83.735268
155.314289 82.591561
152.980861 82.481644
150.640219 82.287718
148.083732 81.977126
145.577940 81.660588
143.352480 81.405593
141.260480 81.130699
139.212392 80.727460
137.163906 80.357159
135.231907 80.055960
133.437170 79.925174
131.678918 79.986644
158.901369 85.779534
155.664571 84.694918
152.882601 84.398849
150.059354 84.003361
147.510210 83.649420
145.169204 83.467183
142.956967 83.242380
140.860307 82.992089
138.903910 82.645301
137.016991 82.288107
135.202573 82.057602
133.449189 81.914421
131.527165 81.867732
156.860194 86.794675
153.969151 86.246909
150.628241 85.809064
147.610250 85.437866
145.198778 85.304383
143.048595 85.109702
140.982363 84.871418
138.981375 84.575229
137.078326 84.148693
135.133748 83.850007
132.943521 83.614473
130.597802 83.522532
152.156798 87.556822
148.699252 87.073984
145.866104 87.131311
143.319781 86.979335
141.155316 86.625152
139.040681 86.249806
136.689754 85.750014
134.303044 85.297919
131.948537 85.054096
129.572710 85.114370
150.297254 88.980888
147.401874 88.787793
144.357543 88.581865
141.331062 88.324578
138.441148 87.731752
135.926858 87.171084
133.574005 86.767951
131.205848 86.624206
129.050310 86.778677
145.874064 90.288195
142.787810 89.767527
139.536742 89.251970
136.739410 88.812131
134.245696 88.388553
131.906414 88.115732
128.811359 88.470488
141.243281 91.156950
138.282661 90.849657
135.861940 90.545309
133.871303 90.199499
132.170116 89.942244
120.275166 54.341182
118.050501 53.278972
115.496727 52.064568
125.814200 62.081430
123.201632 60.824990
121.200207 58.696482
119.239061 56.773706
117.279920 55.454379
115.367589 54.607374
113.565943 53.848393
111.451268 53.271619
138.672444 63.479294
132.007757 62.855576
129.938254 64.004975
128.191219 64.963122
126.414702 65.515361
124.512823 65.212258
122.876439 63.950642
121.532251 62.157040
120.081598 60.291045
118.269246 58.772097
116.455703 57.693575
114.803957 56.917325
112.817188 56.357871
134.622114 67.511991
132.850440 67.800252
130.817316 68.736657
128.291940 69.618992
125.916536 69.830619
123.652021 69.437707
121.451665 68.394105
119.633645 66.764244
118.340040 64.962159
117.322342 63.307555
133.558029 65.011881
131.770936 65.917322
129.987625 66.863407
128.171994 67.641534
126.227790 67.942365
124.203411 67.577551
122.293851 66.561178
120.857502 64.996699
119.896150 63.343228
118.851628 61.777299
117.402950 60.637995
115.796882 59.705216
113.595953 59.075716
103.243372 49.669593
101.353815 50.901601
99.594698 51.840217
97.688383 51.017089
95.610381 50.160604
93.326184 48.868336
90.886411 47.160893
115.496727 52.064568
110.513853 50.447905
107.973156 50.475657
105.820233 51.085884
104.154805 52.338289
102.687427 53.560178
101.133542 54.454774
99.446248 55.019171
97.661330 54.391798
95.907725 53.249597
94.033109 51.716640
91.450750 50.103641
88.821532 48.718626
111.451268 53.271619
109.455583 53.142055
108.011951 53.352214
106.624519 53.953879
105.124914 54.658773
103.503971 55.722398
101.588091 56.749243
99.582694 57.232878
97.573795 56.927247
95.716606 55.974778
94.224185 54.311187
92.500342 52.380726
89.752521 50.925141
112.817188 56.357871
110.964262 55.981791
109.512539 55.675685
107.864165 56.041898
105.888711 56.664001
103.514515 57.777069
101.184404 58.761493
99.103339 59.121180
96.989991 58.829570
94.944186 58.027454
93.385422 56.567999
92.411879 54.698911
90.846978 52.933580
111.652748 60.515688
109.753326 59.946219
107.459532 59.987469
104.924674 60.602032
102.818643 61.531156
101.019700 62.280610
99.259646 62.668714
97.329568 62.533114
95.125514 61.986730
92.814905 61.022612
113.595953 59.075716
111.459969 58.382270
109.535342 58.038578
107.324990 58.195486
104.905170 58.869151
102.423350 59.946532
100.289265 60.688514
98.251140 60.812197
96.054142 60.425309
93.846009 59.590329
92.038735 58.291954
90.940274 56.684313
90.276813 55.108526
87.034419 47.766637
84.805825 47.388668
87.665667 45.976156
86.639106 50.009621
84.161155 49.644096
82.430376 48.862591
80.406378 48.499602
82.409274 46.879129
88.314984 51.838919
85.432712 51.551553
82.278611 51.076199
79.869613 50.661353
77.910161 50.284744
75.770253 50.131200
78.154625 47.994778
87.075925 55.832252
85.675966 55.222115
84.181738 54.667464
82.293086 54.181148
80.038556 53.897851
77.490021 53.890688
75.126565 54.320878
72.929025 54.923350
70.830551 55.332864
68.670015 54.285395
88.867891 54.013490
86.838405 53.216100
84.007830 52.629134
81.191940 52.523978
78.458392 52.392424
75.912658 52.358015
73.683799 52.336292
71.453554 52.129027
56.383766 58.029301
55.767927 59.914298
53.313957 59.068237
56.356832 56.141300
56.942567 61.327999
53.180114 61.423027
50.910187 60.750204
48.851927 59.829416
58.093100 62.619384
54.856376 62.420703
51.513029 63.087323
49.309651 63.496003
47.219778 62.373218
57.238714 64.505508
55.349445 64.176036
52.992115 64.336692
50.674821 65.414909
48.725377 66.140936
46.947571 64.632592
56.107916 66.698401
54.605078 66.285965
53.015385 66.510855
51.491576 67.346373
50.051677 68.295002
48.199726 68.171121
45.566031 64.918136
54.131794 70.936791
53.998522 68.899053
52.546372 69.687809
51.321113 70.093752
50.261556 70.758667
48.918778 69.924324
46.113238 66.267258
54.517756 73.590515
53.328354 73.315275
52.587907 72.103481
51.511525 72.661561
50.354420 72.517412
48.600547 71.199927
46.376633 66.795989
56.620797 78.464347
54.946960 77.929393
53.295829 76.920320
51.239546 75.378795
49.124994 72.063059
55.174762 76.178183
53.944020 75.563991
52.793118 74.975158
51.698996 74.340660
49.842451 73.427738
47.831317 69.624126
83.232125 57.466023
82.487473 56.236348
81.026066 56.761114
79.823988 55.917228
78.241866 55.682614
76.262239 55.849852
74.217882 56.637055
72.075960 57.638495
69.822833 57.905788
67.413271 56.540015
81.749252 59.521263
80.207674 59.788809
79.454055 58.450425
77.982002 59.183430
77.349435 57.628739
75.757307 58.293292
74.145938 59.038136
72.413518 59.938044
70.441313 60.340346
68.186502 59.679810
65.644884 58.356925
62.621178 56.766275
81.234689 61.974411
79.445859 61.985414
77.911680 61.882190
76.402745 62.752827
76.137000 60.599015
74.737490 61.834058
73.307854 62.003137
71.835996 62.475666
70.075642 62.462349
68.101810 61.929600
65.785683 60.577645
62.717716 58.912253
59.137024 57.142138
80.519775 64.165638
78.954609 64.383074
77.556435 64.682881
76.240459 65.131155
74.999185 64.853288
73.820930 64.475354
72.502340 64.583117
71.024991 64.535479
69.278899 64.418071
67.346789 63.901807
65.475207 62.448359
63.011994 60.499575
59.103730 59.126169
80.630892 66.365593
78.930616 66.698377
77.439058 67.152596
76.057158 67.620748
74.665574 67.651498
73.398782 67.044733
71.993651 66.680340
70.358291 66.495259
68.407089 66.280211
66.289091 65.666733
64.625701 64.121083
63.083469 62.072652
59.761772 60.566494
81.863039 68.087663
79.831266 68.525309
78.011152 69.236079
76.366664 69.919378
74.708285 70.120046
73.105010 69.578446
71.490324 68.883970
69.601119 68.427697
67.394901 67.990035
65.048608 67.200576
63.331385 65.679093
62.365111 63.660031
60.719071 61.892626
81.979306 70.078952
80.241615 70.498047
78.480459 71.303712
76.717127 72.094180
74.833317 72.311004
72.888662 71.827978
70.927750 70.976392
68.764687 70.221563
66.283637 69.526890
63.765958 68.546031
61.774456 67.162875
60.938402 65.232047
59.948762 63.575332
80.928222 73.127570
79.523828 73.404334
78.143325 74.043612
76.527865 74.408009
74.671094 74.380577
72.611922 73.801441
70.426728 72.736689
68.012339 71.722409
65.201435 70.883577
62.527090 69.841626
60.373877 68.653811
59.010389 67.207763
58.686596 65.452779
80.212817 76.846550
78.939314 76.375821
77.573716 76.623914
76.027603 76.608239
74.210065 76.418085
72.161916 75.669091
69.915711 74.291929
67.348045 73.027940
64.289913 72.158322
61.484611 71.294333
59.371576 70.342601
57.575736 69.527450
56.563985 68.251463
80.810570 79.461500
79.332914 79.115116
77.742637 78.885199
75.948038 78.762168
73.894356 78.462486
71.679890 77.586359
69.489550 75.910632
66.840179 74.346904
63.527228 73.534205
60.876051 73.000456
58.763529 72.352497
57.045133 71.784040
55.557407 71.305526
82.971410 81.519453
80.836711 81.398499
78.582124 81.035292
76.293442 80.768517
73.854257 80.402478
71.321877 79.558470
69.098280 77.851248
67.163999 76.025773
64.425792 74.929098
61.126573 74.800940
58.791705 74.640646
57.091649 74.378405
55.727917 73.967496
86.727549 83.457276
83.727263 83.432686
80.924766 83.358082
78.181870 83.301491
75.329815 83.139466
72.713793 82.458966
69.417034 81.599085
67.016111 80.510235
65.035790 79.207687
63.177382 78.327873
85.285266 82.808960
82.359192 82.729783
79.657198 82.435882
77.061547 82.261362
74.349843 82.039417
71.450057 81.330397
68.841460 79.954029
66.783080 78.133700
64.845929 76.737814
62.378878 76.244253
59.882085 76.659706
58.096922 76.948963
56.534585 76.687057
107.067659 61.883332
105.046252 62.415329
103.263700 63.211935
101.620635 64.015927
100.024166 64.668288
98.338368 64.884049
96.482968 64.419377
94.371366 63.670414
92.100855 62.580751
89.915630 61.222196
87.840706 59.814902
86.126765 58.624140
84.646084 57.840020
106.268003 64.035581
104.373301 64.705157
102.651608 65.620372
101.053220 66.510079
99.467087 67.164304
97.744886 67.132724
95.955222 66.386391
93.887161 65.371986
91.503754 64.141159
89.281553 62.884460
87.406774 61.647951
85.466998 60.675367
83.420813 60.054323
105.831529 66.280676
104.111583 67.034633
102.517543 67.991638
100.937502 68.912735
99.248869 69.493105
97.456659 69.352237
95.746489 68.461661
93.988939 67.201085
91.668184 65.799670
88.796607 64.540560
86.588033 63.468973
84.867913 62.654076
83.077478 62.199590
106.188209 68.508016
104.551787 69.146557
102.850147 70.104063
101.040701 71.076627
99.177790 71.636388
97.221262 71.490828
95.376803 70.628685
93.856169 69.193058
92.262454 67.516877
89.751098 66.156583
86.634106 65.310380
84.160003 64.693837
82.239777 64.289333
106.711184 70.663650
104.750875 71.285248
102.699835 72.312773
100.760438 73.288851
98.822691 73.707609
96.711487 73.439310
94.656648 72.584396
93.028276 71.162509
91.894052 69.487846
90.389799 67.934260
87.946528 66.794073
85.163380 66.449233
82.644646 66.281453
105.450051 73.201585
103.476718 74.094350
101.746505 75.078599
100.085176 75.783052
98.168602 75.748686
95.968902 75.318054
93.719017 74.334943
91.843792 72.888059
90.535655 71.300825
89.577698 69.828032
88.208209 68.727295
86.223781 68.122431
83.954005 67.857235
104.051244 76.207873
102.574103 77.188648
101.320886 78.266360
99.646945 78.316372
97.721470 77.977555
95.409113 77.414722
92.885947 76.164363
90.676472 74.515192
88.989688 72.985819
87.739417 71.661909
86.761365 70.384658
85.187902 70.277465
83.687585 69.915292
103.896651 79.382982
103.472849 80.828276
102.041107 81.111381
100.394141 80.589120
98.445572 80.227229
96.070296 79.750340
92.785720 78.462649
89.972568 76.490292
87.885385 74.921297
86.242883 73.830526
84.873807 73.046269
83.456531 72.967088
82.217485 72.287326
106.627420 82.664337
105.834829 83.535531
104.329285 82.859160
102.564199 82.650908
100.449842 82.135865
98.189091 81.586176
95.293946 80.977715
90.412293 78.876705
87.575565 77.279451
85.616740 76.439653
84.035310 76.110317
82.643280 76.054568
81.383596 76.316365
109.992626 84.919367
108.776832 84.172788
107.486980 84.545379
105.901670 84.873956
103.317607 83.945810
100.746749 83.268175
98.240510 82.818688
94.009038 81.263526
88.758165 79.761027
86.561622 79.356012
84.928766 79.179233
83.537793 79.317602
82.236026 79.681306
112.609365 87.142929
111.140885 86.833343
109.378692 86.500813
107.639115 86.234644
104.495931 84.851346
102.006973 84.051704
99.590732 83.709882
96.868560 82.611104
92.742940 81.200860
90.627462 80.958521
88.317987 81.179497
86.483365 81.343992
84.722996 81.439600
101.785758 85.359106
99.963216 85.001709
98.389111 84.865202
97.009343 84.842048
95.823470 84.782457
95.145643 84.705708
94.440583 84.621964
111.436043 88.249656
108.882217 87.280867
106.108958 86.346163
104.406791 85.837356
103.412826 85.559251
101.649330 85.306867
100.616316 85.066708
98.376723 84.268401
96.258279 83.454306
94.836190 82.779942
92.048234 82.181109
90.052674 82.269718
87.898731 82.602003
135.332662 69.482437
133.061723 69.779278
130.066806 70.578661
127.297000 71.264005
125.043100 71.424528
122.800342 70.995269
120.503193 69.905031
118.422822 68.172436
116.738934 66.174826
115.213574 64.411912
113.389163 63.133998
111.424710 62.316732
109.195355 61.901136
134.324183 71.217069
131.552498 71.457622
128.663377 72.235094
126.274536 72.886338
124.156679 73.023971
121.975746 72.558384
119.787202 71.479602
117.681664 69.797099
115.816727 67.833476
114.096788 66.112266
112.284705 64.874348
110.331029 64.099297
108.287204 63.866748
132.195473 72.862322
129.635570 73.410633
127.350053 74.125053
125.253815 74.668399
123.242652 74.759296
121.244379 74.258836
119.305359 73.199121
117.369171 71.612002
115.343240 69.718118
113.472105 68.050969
111.673577 66.853068
109.744757 66.139842
107.736918 65.963080
130.578216 74.702271
128.422541 75.360401
126.384875 76.076536
124.417218 76.574659
122.464128 76.626702
120.553387 76.084989
118.768158 75.023255
117.086109 73.517452
115.267629 71.770044
113.282300 70.188112
111.365055 69.046439
109.561321 68.387753
107.843037 68.225125
129.889396 76.564103
127.899023 77.238389
125.918303 77.966894
123.924933 78.491688
121.919502 78.568556
119.945086 78.063594
118.121399 77.006895
116.527641 75.526583
115.014370 73.896616
113.372200 72.489322
111.694075 71.496203
110.087619 70.843605
108.471382 70.555343
129.754234 78.442558
127.802359 79.063575
125.729193 79.804466
123.615960 80.376160
121.554444 80.566392
119.455873 80.175802
117.416104 79.131446
115.635680 77.584740
114.134201 75.916357
112.674172 74.522238
111.084525 73.520292
109.362014 72.917650
107.480357 72.794251
129.799612 80.313578
127.614710 80.895252
125.269965 81.660263
123.163688 82.305533
121.212436 82.733567
119.121645 82.503829
116.949474 81.524078
114.871662 79.876608
113.046980 78.016160
111.379540 76.500684
109.632084 75.498390
107.737620 75.124663
105.790795 75.420678
129.230528 82.146225
126.733362 82.790516
124.522091 83.701201
122.691755 84.614607
121.050744 85.435000
119.171190 85.217430
117.096034 84.417225
114.820092 82.750923
112.608297 80.705408
110.611487 79.024457
108.725772 77.984197
106.841377 77.760305
105.183680 78.372698
128.047924 83.988532
125.759591 85.004171
123.975851 86.255779
122.845901 87.595653
121.889196 88.675686
120.304018 87.903577
118.632709 87.426891
116.753056 86.428241
114.126356 84.521333
110.968243 82.323472
109.029450 81.343366
107.437988 80.845431
105.928025 81.220756
127.195031 86.080625
125.414327 87.609657
124.430693 89.281479
125.169973 91.185304
123.764670 91.287788
122.390259 90.498239
120.851542 89.974793
119.227169 89.314805
117.432792 88.354671
115.425154 86.886867
113.678609 85.907040
112.304427 84.979132
111.110951 84.270675
127.021883 88.409174
126.380616 90.453193
127.607292 92.318429
128.748573 93.454625
126.453678 93.291853
124.882559 92.986509
123.114517 92.541669
121.415514 91.755918
119.916185 90.812152
118.144719 90.031442
116.583243 89.327847
115.387244 88.541405
114.045238 87.651568
130.138420 89.125024
130.817478 90.763701
133.643279 92.274108
133.126395 95.385821
128.564640 95.976861
124.312596 94.378660
121.726606 93.146769
119.577779 92.124485
117.530965 91.069606
115.465900 90.104862
127.909227 90.762255
130.894496 92.391411
129.314149 91.495204
131.668053 94.006294
129.536732 94.805708
127.060068 95.244865
123.716887 94.104300
121.352300 93.067067
119.274162 92.001037
118.247313 91.381728
116.360512 90.508243
113.950331 89.303897
112.985873 88.948602
