75.587583 126.327190
76.402088 128.005178
80.925276 122.254994
67.990017 127.583433
68.827281 125.698363
68.796602 123.159006
75.390466 129.018515
67.564889 125.681376
75.361609 122.241302
71.484283 124.851516
69.948160 128.076859
68.798225 126.829509
70.460822 122.951020
67.055537 126.970958
68.656765 123.410341
79.559975 127.685073
66.864704 127.666869
73.160801 124.981151
69.524383 124.738888
67.657514 126.501721
73.461951 128.922031
69.396552 121.230148
68.673660 123.930341
72.699313 121.859958
73.161373 127.556494
69.625132 123.653135
70.460640 124.332592
82.760320 122.280319
68.463724 124.612760
77.597311 128.486459
70.145926 129.210416
71.453289 127.779319
72.344816 126.135143
66.412996 128.545138
70.420581 121.448616
73.957027 122.014882
74.004638 123.651745
71.490414 121.694903
68.899722 127.935261
71.411414 123.161291
68.372112 124.932224
74.716276 127.630200
72.480200 123.580524
71.830314 128.933072
73.955936 126.218206
68.981556 122.429085
70.384333 125.627989
68.529757 129.250751
76.869313 122.318026
68.037645 125.265992
76.910022 123.987228
67.545609 128.737714
67.248608 126.304213
78.425607 127.710311
69.593909 122.145023
71.341758 126.572036
69.514304 126.133833
70.171105 127.034691
75.205703 124.491007
78.761819 122.252695
124.969172 119.395745
132.888455 119.410543
132.014828 122.405399
134.125023 116.792643
128.424053 119.764477
130.804876 116.185090
129.378937 118.837129
142.250922 122.368103
139.328088 116.565664
144.760770 117.240325
135.958917 118.734514
135.213982 117.824562
139.519147 118.136200
134.755502 121.368362
133.987084 118.658305
129.810107 115.314353
143.021074 116.434582
137.575587 117.737578
133.723282 115.581278
136.338181 121.397890
136.495424 115.819566
125.186066 116.236011
127.203313 118.357966
121.965108 116.954841
140.352203 122.155794
125.710367 118.427861
129.329757 121.005817
137.591025 123.020807
123.572303 117.553129
135.177658 119.966157
132.234637 118.245134
135.540672 116.623986
132.100214 115.372196
140.878136 119.364237
132.572546 116.964558
133.835298 122.574936
133.289243 120.861555
126.279323 116.920896
142.067906 117.877005
135.820837 122.938678
137.300735 119.154447
128.979503 117.630516
140.953950 116.640773
128.344588 116.751951
130.748372 121.003169
127.142484 120.758831
131.819146 120.415905
138.878286 119.861738
130.753691 118.994417
137.602876 120.876194
129.409410 122.336719
137.805919 116.395501
139.049318 122.760557
130.814918 117.435655
135.567030 127.119788
125.455176 129.073113
127.856289 125.520834
134.818781 132.018716
127.526507 131.816553
122.875732 124.263170
137.510088 126.797695
144.171799 132.373340
142.021641 132.632650
128.067147 127.479322
121.053970 124.342963
124.324886 124.900394
124.779025 126.838169
139.915970 130.800838
132.180851 128.720917
136.351717 131.163985
136.412876 132.996888
123.647599 128.100410
138.347665 133.092651
134.312818 128.142187
130.009994 124.158361
121.599256 128.477692
133.800317 124.513247
138.022039 129.609807
138.104422 125.091267
135.268077 124.741096
138.834322 131.833748
122.908934 126.368512
129.662297 130.957687
141.654579 126.809253
130.651376 125.541393
126.029304 125.098806
123.774923 129.756032
136.211029 129.189971
128.177875 130.664825
132.707680 125.785634
128.820937 129.128724
130.245777 128.373594
121.177939 126.613495
134.415113 129.810992
132.202033 132.312889
140.022122 125.234106
142.089421 124.949050
128.214143 123.880544
129.263458 126.550215
132.900935 130.312557
119.972165 125.252352
126.524612 123.300999
133.153666 127.103048
131.992704 124.273239
131.024643 130.195132
131.163840 127.067578
133.463333 132.106142
126.360458 126.951075
125.778336 131.023393
130.694194 132.315797
126.987104 128.829946
138.710878 127.834397
136.256161 125.557129
128.875853 137.075565
125.823685 133.214705
143.920832 141.459705
134.170932 134.495100
124.830417 137.771834
125.669911 134.653704
135.345789 135.334611
132.645410 139.414829
139.564114 135.003327
135.370214 137.963880
128.217688 133.831053
141.421162 138.732959
132.211126 140.895575
133.500770 136.399942
123.599263 134.245002
129.294623 138.979988
146.954143 140.693179
138.081996 139.215910
144.741254 138.902063
139.073556 141.647648
139.549520 136.584320
139.343936 140.387159
134.247227 139.502576
123.930154 135.888437
122.088146 135.169914
131.244133 136.530752
142.314907 140.648908
137.608532 135.034294
125.983324 137.373796
133.990907 141.094468
132.076935 137.836000
128.154408 135.730359
128.391065 139.984913
130.300883 140.739398
130.981489 139.308667
133.799764 137.941408
141.754785 135.074242
129.817778 134.557287
131.788893 135.370590
137.471238 141.299579
130.261571 137.676499
140.206743 139.456921
135.669090 141.348052
135.829256 139.968264
144.196007 140.149130
137.203855 137.319426
136.150155 136.371337
120.726907 135.443696
126.327656 135.828448
143.896058 135.297169
136.809334 139.290683
141.401833 136.978704
138.803553 137.928602
127.435179 137.779317
141.097772 141.445771
131.882310 134.127385
120.227532 116.904070
116.280685 117.105649
118.045398 111.195637
106.494962 111.270778
109.314323 115.234253
118.436906 112.685007
125.020111 114.123325
119.968589 113.037414
121.542506 112.550140
112.332961 113.289165
126.142468 114.780377
119.666082 114.173160
114.148135 109.713847
121.298305 114.412208
109.256951 110.839094
115.965471 110.179463
110.743828 113.628298
114.478346 115.204978
108.074666 111.819759
118.166656 117.475216
118.892021 116.470103
114.103636 112.100270
124.900981 120.856255
123.276731 119.154599
119.878400 111.701780
122.395278 120.118804
117.178197 114.474464
111.821134 114.643200
117.129644 113.341737
118.645864 114.985556
115.244005 117.742158
112.112659 110.383335
114.992728 113.855574
119.266532 118.906373
122.503744 113.444661
123.882734 115.825380
113.621084 113.364731
123.737353 113.836901
120.783766 119.739875
113.237361 111.110486
113.327558 115.480109
120.967826 118.277060
110.168718 111.984184
107.794689 110.009518
109.566333 113.840157
110.364731 110.038882
120.623447 115.567358
127.522901 114.688854
113.773020 117.044653
115.762629 115.449187
116.710574 111.704156
122.636848 115.271450
117.200803 115.884940
117.376067 118.468139
128.061524 115.701242
115.191361 111.302643
111.953223 116.185034
111.725450 111.942574
115.849312 112.846217
120.500694 121.671410
103.751645 118.061155
112.972448 118.758935
109.043264 122.876754
106.309425 117.366892
118.705518 120.671636
111.008820 126.408209
116.021671 126.704940
111.648896 119.817336
110.885998 122.924420
114.713682 121.935272
110.417741 124.492036
118.380229 122.080553
112.081634 124.131783
124.586576 122.879353
118.999637 127.866509
107.343713 119.506294
108.297203 121.140569
120.411254 129.667867
116.976552 125.538106
115.528531 123.317024
118.222505 128.837107
113.093517 122.772365
111.221596 118.019390
114.178630 128.114770
114.489142 119.322151
113.820771 125.678222
119.296258 126.645714
122.628386 130.655395
122.680145 121.928784
111.556109 121.440926
113.056716 121.061884
116.814567 120.024872
105.693807 118.855095
116.865230 128.659497
108.947617 118.627613
109.449431 117.124745
119.256420 123.318963
106.187630 121.115978
121.636995 122.996104
113.997341 123.999597
104.267198 120.132107
116.624794 121.533543
109.279822 125.686813
117.071248 123.314816
108.082833 123.816760
112.402000 125.848340
118.350542 124.880128
115.279985 127.675771
115.358144 125.061723
109.852722 119.794430
106.684902 123.766202
114.930275 120.510039
110.010521 121.491085
112.794152 127.406640
110.733711 129.756672
115.856729 135.884001
109.209456 131.375341
108.854209 133.064355
109.672541 128.094007
120.502271 137.905562
115.378146 134.366835
113.184679 130.165334
117.227369 137.799267
106.443698 128.665997
120.513174 136.654796
118.468193 136.034464
116.421713 130.568021
117.279572 136.264421
112.102909 128.965025
125.641750 139.704315
119.369276 134.854207
111.205720 131.047034
119.436443 138.066675
122.169709 138.060978
121.640591 139.297638
115.985816 132.871035
107.945433 128.937680
115.721485 137.379854
118.431705 138.457590
108.640077 130.103042
111.759342 134.158343
123.371220 132.754134
113.408965 131.490265
118.035808 131.168701
120.919109 133.694404
114.233859 134.481911
112.553026 136.087320
112.500847 132.942115
120.765170 132.364935
113.411608 135.176742
105.329564 129.855277
110.127360 133.215309
114.260226 136.808710
116.699738 134.184428
107.275906 131.317964
119.659665 131.525500
115.733934 131.739256
122.777867 136.889740
118.085297 134.188429
111.068774 132.349022
127.010167 139.622576
114.042573 132.799145
123.927467 139.902828
114.964763 129.992019
123.788194 138.495522
118.229664 132.774876
94.963172 104.002762
99.219489 108.032561
105.330402 107.565532
90.550164 106.064606
104.943190 113.161519
91.726006 108.541514
105.556433 109.239218
107.125087 106.606055
102.690425 106.433312
101.433540 105.692192
98.699549 109.453531
106.652635 108.086275
90.775581 109.320359
103.787328 107.020747
93.371778 105.861825
91.550079 106.839925
110.741719 108.755286
99.342575 105.228211
103.386759 105.153842
95.018904 110.586317
101.319664 108.534258
108.017631 113.531271
98.234323 103.947803
97.310399 108.868618
95.252829 106.090113
97.596802 105.209524
96.174023 104.643214
108.623135 107.341474
94.916516 109.030400
91.198474 104.769972
105.321474 106.046730
96.563097 110.015613
86.459047 106.633203
109.684697 108.147262
95.903494 107.721583
97.008909 106.468669
101.755989 111.824340
103.520542 108.247439
104.951659 111.645050
103.342660 112.152176
93.280862 104.282917
94.186225 107.448052
102.007220 110.215767
89.411307 109.812478
99.882666 111.297486
88.944273 107.699174
93.142053 110.159216
92.903080 107.896342
103.157603 109.501882
99.897421 106.526430
107.802500 108.781915
98.067074 107.182093
100.314540 109.775072
112.321458 109.006454
101.085296 107.303480
87.385649 107.850243
106.607461 113.705506
97.825245 111.152100
104.584237 110.224295
101.015494 104.447907
89.071828 106.010617
96.133212 112.765816
84.986783 118.169431
85.905512 116.512905
103.507699 116.396563
95.339259 114.713445
93.528968 118.891142
99.021191 115.059460
99.091747 120.088950
99.637212 113.335393
104.948756 115.258768
105.257998 122.535837
94.524868 112.805756
95.465105 120.338876
107.147332 116.032207
91.370829 117.601422
93.365700 120.327994
96.619407 118.389045
91.421627 119.065062
86.201227 119.882545
101.707756 117.319311
88.287861 117.167351
84.135535 115.708847
85.568284 113.347006
85.855092 114.797068
93.299979 117.340387
103.033302 114.626504
82.522979 114.879746
89.917065 114.241392
86.951533 118.118924
88.505216 114.076559
97.746374 113.154038
92.110534 116.050196
101.383534 113.912452
97.154963 120.469976
97.898285 116.605659
97.238527 114.756181
82.283669 118.497375
102.188537 119.401827
104.334841 123.747595
87.741009 115.593455
89.718535 112.039808
100.827229 115.581820
98.817645 121.614661
102.208294 122.889729
98.302621 118.418070
100.325969 118.860165
90.711897 120.272654
89.962889 116.414548
83.120715 117.184485
88.356677 119.897622
99.773541 117.085964
81.231883 116.636571
94.040428 115.934791
95.023537 118.247932
93.026961 112.499014
91.485339 112.316474
93.340530 114.357319
87.540739 112.954719
102.910250 121.380452
100.793350 121.068847
91.339727 114.592126
89.399434 118.619047
96.051220 116.492084
80.671128 127.217260
95.501888 127.511751
77.032498 125.828356
83.318302 125.880671
88.724623 127.237720
92.850284 124.432350
106.661424 133.309434
99.824251 124.987563
87.703924 123.417763
78.512613 124.096008
103.883032 131.078660
90.746523 128.799103
87.072178 128.723578
100.637486 129.007355
102.622167 127.069999
91.788233 123.583413
97.126675 129.576225
96.790011 127.687060
82.772707 127.573221
99.558355 129.578999
105.744784 131.469343
88.980441 128.671891
91.337475 122.013390
92.318713 128.381123
79.173571 125.740939
93.871560 128.980340
93.909343 127.475519
109.574203 134.964114
102.656339 131.765590
105.322127 127.613666
103.518078 129.001624
104.721851 126.084518
97.948531 127.345008
92.748734 125.853770
84.740524 122.269224
90.116159 123.523275
81.788690 126.181316
80.125226 123.861920
95.408363 122.291971
97.382504 123.250296
101.148685 126.087538
107.268862 126.756756
86.318076 125.008862
84.376569 128.848410
84.529440 127.549083
91.920658 126.851629
94.781639 123.582195
89.505668 125.957529
85.956904 123.431849
98.990579 123.822394
82.806229 123.942222
85.772732 127.284637
87.699908 125.801575
88.603173 124.478502
101.868668 128.709034
96.638217 125.496969
89.206126 122.051613
81.137257 124.832068
93.387917 122.309443
90.492487 127.312189
101.073028 131.003432
86.999446 121.884450
107.930836 134.003293
90.719426 125.206609
104.994700 132.875110
95.235527 124.736625
84.307206 124.418378
98.466470 130.059352
111.088698 135.468087
85.131596 125.857653
81.896852 128.672603
94.436823 126.043514
87.144062 127.202338
95.549707 129.197818
99.238662 126.893543
77.200155 105.864758
84.965844 110.414995
84.915675 105.287787
82.747705 106.464903
78.651059 110.389783
76.741166 106.613206
83.590428 109.023572
75.771171 111.170578
86.309728 105.186759
81.116821 109.871675
76.976220 109.046445
82.362558 103.481175
85.159830 108.793410
80.285568 106.623753
75.228060 108.973395
82.088816 105.650768
77.878140 107.463509
74.499936 110.396413
86.873688 103.623853
79.687436 103.063436
77.627033 105.113159
80.051548 110.459376
82.988105 110.557570
76.132334 110.233528
81.344705 107.595635
77.353385 110.260953
76.942929 107.856301
78.854341 105.920960
74.348539 110.168179
86.658044 108.937569
79.017256 108.703726
78.648096 104.683273
80.996256 103.343456
88.015198 105.264495
83.772915 104.871426
82.080760 109.052743
89.859340 103.822370
88.338313 103.715890
83.700091 103.508864
79.711972 104.502941
91.783230 103.434492
76.881685 106.335276
75.863631 108.273363
78.563928 103.373723
75.233706 108.608567
80.344608 105.314192
77.965119 108.793659
83.210864 107.628423
84.641367 106.942499
78.980955 107.071342
77.852314 106.217739
76.227031 107.010818
81.540340 104.745498
85.380021 103.428789
87.154691 110.474502
75.732011 109.387332
80.096551 108.302506
75.949346 107.690806
77.987196 104.378623
79.901112 115.582365
74.782695 112.926443
75.027697 115.767051
84.550198 112.427667
76.296946 113.101711
71.923690 115.198700
71.752247 118.687688
73.731415 115.427519
72.900465 116.572834
76.593799 120.178425
72.846081 115.215484
70.453199 118.468663
79.108319 114.098360
78.341978 118.716523
81.641548 119.837728
76.649186 115.509960
72.757686 118.573976
69.927720 120.324493
72.035293 114.533673
71.304156 115.883779
71.017171 117.393879
82.742639 112.477151
71.198615 117.174243
71.501606 115.545292
78.774344 112.350907
73.824159 117.016562
77.092362 117.447539
73.154306 112.911279
72.106984 117.596116
78.430961 116.306710
75.430797 117.249163
73.914077 118.444032
83.988974 119.982719
75.109303 114.271091
73.651134 114.083169
77.470439 114.028982
72.195612 113.760243
71.949549 120.269122
77.098104 111.937255
78.195032 120.209965
71.128936 116.489213
74.273964 111.879051
80.729865 112.362567
73.233456 120.039086
71.989417 116.513526
74.807803 120.096239
80.091475 120.220541
72.586961 112.968525
70.108322 119.521204
71.092033 119.616658
73.271434 111.858451
72.316062 114.198608
79.799082 117.978903
81.164849 114.010622
75.669769 118.738182
70.611109 118.304363
