138.725686 70.572187
136.801352 70.027266
134.877018 69.482346
132.952684 68.937425
131.028350 68.392505
129.104016 67.847584
127.179682 67.302664
125.255348 66.757743
123.331014 66.212823
121.406680 65.667902
119.482346 65.122982
117.558011 64.578061
115.633677 64.033141
138.180766 72.496521
136.256432 71.951600
134.332098 71.406680
132.407764 70.861759
130.483430 70.316839
128.559096 69.771918
126.634761 69.226998
124.710427 68.682077
122.786093 68.137157
120.861759 67.592236
118.937425 67.047316
117.013091 66.502395
115.088757 65.957475
137.635845 74.420855
135.711511 73.875934
133.787177 73.331014
131.862843 72.786093
129.938509 72.241173
128.014175 71.696252
126.089841 71.151332
124.165507 70.606411
122.241173 70.061491
120.316839 69.516570
118.392505 68.971650
116.468171 68.426729
114.543836 67.881809
137.090925 76.345189
135.166591 75.800268
133.242257 75.255348
131.317923 74.710427
129.393589 74.165507
127.469255 73.620586
125.544920 73.075666
123.620586 72.530745
121.696252 71.985825
119.771918 71.440904
117.847584 70.895984
115.923250 70.351064
113.998916 69.806143
136.546005 78.269523
134.621670 77.724602
132.697336 77.179682
130.773002 76.634761
128.848668 76.089841
126.924334 75.544920
125.000000 75.000000
123.075666 74.455080
121.151332 73.910159
119.226998 73.365239
117.302664 72.820318
115.378330 72.275398
113.453995 71.730477
136.001084 80.193857
134.076750 79.648936
132.152416 79.104016
130.228082 78.559096
128.303748 78.014175
126.379414 77.469255
124.455080 76.924334
122.530745 76.379414
120.606411 75.834493
118.682077 75.289573
116.757743 74.744652
114.833409 74.199732
112.909075 73.654811
135.456164 82.118191
133.531829 81.573271
131.607495 81.028350
129.683161 80.483430
127.758827 79.938509
125.834493 79.393589
123.910159 78.848668
121.985825 78.303748
120.061491 77.758827
118.137157 77.213907
116.212823 76.668986
114.288489 76.124066
112.364155 75.579145
134.911243 84.042525
132.986909 83.497605
131.062575 82.952684
129.138241 82.407764
127.213907 81.862843
125.289573 81.317923
123.365239 80.773002
121.440904 80.228082
119.516570 79.683161
117.592236 79.138241
115.667902 78.593320
113.743568 78.048400
111.819234 77.503479
134.366323 85.966859
132.441989 85.421939
130.517654 84.877018
128.593320 84.332098
126.668986 83.787177
124.744652 83.242257
122.820318 82.697336
120.895984 82.152416
118.971650 81.607495
117.047316 81.062575
115.122982 80.517654
113.198648 79.972734
111.274314 79.427813
133.821402 87.891193
131.897068 87.346273
129.972734 86.801352
128.048400 86.256432
126.124066 85.711511
124.199732 85.166591
122.275398 84.621670
120.351064 84.076750
118.426729 83.531829
116.502395 82.986909
114.578061 82.441989
112.653727 81.897068
110.729393 81.352148
133.276482 89.815527
131.352148 89.270607
129.427813 88.725686
127.503479 88.180766
125.579145 87.635845
123.654811 87.090925
121.730477 86.546005
119.806143 86.001084
117.881809 85.456164
115.957475 84.911243
114.033141 84.366323
112.108807 83.821402
110.184473 83.276482
132.186641 93.664196
130.262307 93.119275
128.337973 92.574355
126.413638 92.029434
124.489304 91.484514
122.564970 90.939593
120.640636 90.394673
118.716302 89.849752
116.791968 89.304832
114.867634 88.759911
132.731561 91.739861
130.807227 91.194941
128.882893 90.650021
126.958559 90.105100
125.034225 89.560180
123.109891 89.015259
121.185557 88.470339
119.261223 87.925418
117.336889 87.380498
115.412554 86.835577
113.488220 86.290657
111.563886 85.745736
109.639552 85.200816
107.399633 126.291314
109.042004 126.890933
109.351261 128.463536
107.652615 128.611041
107.842939 130.802793
108.033264 132.994545
105.044487 120.208218
103.148427 119.585459
104.446968 115.459994
106.547033 116.114158
107.093843 114.378338
109.389854 112.919555
110.848292 113.374075
108.764320 114.888902
107.717102 112.398244
104.993470 113.723759
105.616729 111.743665
102.893097 113.069181
102.346596 114.805415
103.792894 117.537986
101.692522 116.883408
101.048054 118.930880
99.592149 116.228829
100.246223 114.150836
103.516357 111.089086
100.792724 112.414602
98.947681 118.276301
101.415984 110.434507
102.076515 108.335999
96.847309 117.621723
98.290310 120.364770
96.189937 119.710192
100.390682 121.019349
97.675800 122.317066
99.776173 122.971645
102.491055 121.673928
105.506529 126.862366
105.870426 124.963164
105.652995 128.784681
105.843319 130.976433
106.033644 133.168185
106.223968 135.359937
103.687834 131.269589
103.430855 133.456660
101.876546 123.626223
101.216014 125.724732
100.555483 127.823240
99.115642 125.070153
98.455110 127.168661
97.794578 129.267169
96.354737 126.514082
97.015269 124.415574
95.575428 121.662487
94.914896 123.760995
95.694206 128.612591
94.254364 125.859504
99.234419 132.020256
99.894951 129.921748
97.134047 131.365678
95.033674 130.711099
105.694755 118.101710
112.967856 114.034635
113.628388 111.936127
115.762879 112.601339
117.842373 113.249411
119.281454 113.697899
111.508824 111.275567
110.050386 110.821047
110.710917 108.722538
112.169355 109.177059
114.288920 109.837619
116.423410 110.502830
118.502905 111.150902
119.941986 111.599390
108.377634 110.299735
109.038165 108.201227
104.586883 122.333699
103.976919 124.280802
103.316387 126.379310
102.655855 128.477819
101.995324 130.576327
101.334792 132.674835
104.176888 108.990578
104.837420 106.892069
106.277261 109.645156
106.937792 107.546648
108.223588 135.186297
113.909106 128.067748
115.680988 126.287281
115.667825 127.915027
115.858149 130.106778
114.099431 130.259500
109.541586 130.655288
111.131508 130.517224
112.257766 130.419424
114.289755 132.451252
116.048474 132.298530
111.321832 132.708976
112.448091 132.611176
109.731910 132.847040
109.922235 135.038792
111.512157 134.900728
112.638416 134.802928
114.480080 134.643004
116.238798 134.490282
110.221085 114.886565
117.471123 127.758434
117.851772 132.141938
117.661448 129.950186
119.187475 129.817671
118.042097 134.333690
119.568124 134.201175
119.377800 132.009423
117.359636 126.017562
115.102347 114.699847
117.181842 115.347919
116.818077 116.983075
117.999309 117.774917
118.620922 115.796407
119.084266 120.021691
119.630768 118.285457
118.633296 122.133494
120.530565 122.754262
119.886098 124.801735
117.966057 124.234013
120.254027 116.305362
120.914559 114.206854
123.014932 114.861433
119.212185 127.528345
121.147360 129.647481
121.337685 131.839233
121.528010 134.030985
121.184639 120.676270
122.630938 123.408841
121.917686 125.395589
121.368373 127.420010
123.285012 121.330849
121.731141 118.940035
123.831513 119.594614
122.354400 116.959941
124.731310 124.063420
123.739594 127.214101
124.047915 125.609331
123.858098 133.828647
123.667773 131.636895
125.385384 121.985428
125.931886 120.249193
124.454773 117.614520
126.555145 118.269098
125.115304 115.516011
127.215677 116.170590
127.876209 114.072082
125.775836 113.417503
123.675463 112.762924
121.575090 112.108346
123.477449 129.445144
113.573949 125.915778
111.479268 126.142568
114.988129 125.081940
109.537595 125.617191
113.516481 123.785125
114.776372 122.075454
114.611452 119.768787
112.472645 116.113900
112.797381 118.211411
107.926902 124.314161
108.910914 120.226061
111.148493 124.083487
106.822057 120.573278
108.739181 117.136204
116.295605 123.521558
110.386364 116.276211
107.031146 122.655838
107.384612 118.750309
110.413472 118.394279
109.154647 122.605778
114.311264 116.709863
116.706245 119.730423
116.859655 121.767371
115.874192 118.069015
111.511913 128.275912
111.844757 121.120759
