146.236952 70.353668
144.469032 69.099760
142.889934 68.625844
120.770018 67.258671
117.648680 65.510306
70.004786 80.638275
67.761169 79.307947
65.438324 79.967818
60.029254 73.821475
57.581213 74.201283
55.870388 74.353479
54.658020 75.225826
52.488684 74.631565
51.067253 74.460293
50.084931 73.825002
69.175824 82.243602
68.148716 80.785531
66.527371 81.100490
63.280233 80.740156
60.150852 80.852572
56.080559 78.636633
54.692982 77.150064
53.391403 75.927179
51.860042 76.395575
51.103563 75.481928
67.154979 82.781115
65.508255 83.004424
64.866888 81.743523
63.598089 82.562025
61.820795 82.324007
57.269226 80.757945
55.652960 80.203478
53.811540 78.667097
52.656579 77.410414
68.138068 84.525781
66.087618 84.147215
64.602041 83.898676
62.804028 83.451878
60.630943 82.732650
58.461588 81.691787
91.324537 84.714007
89.168152 84.701361
86.900214 84.796555
83.866201 83.532399
82.138916 83.492801
80.803025 83.055207
79.114388 80.301419
77.772808 80.074141
76.687341 79.210593
75.524359 79.852876
74.630278 78.379416
73.289444 78.869977
84.702900 84.883442
82.579189 84.899232
81.062696 84.950447
79.834385 83.991198
79.191968 82.214012
77.288004 81.573400
73.838276 80.443850
71.508660 81.194613
69.175824 82.243602
78.953664 84.992116
77.486303 84.336743
71.271609 84.525229
69.876462 83.986606
67.154979 82.781115
68.138068 84.525781
86.134447 83.329433
82.879668 81.789452
81.042939 81.612398
62.247481 72.834798
59.395794 72.488688
57.711936 72.461934
98.436616 57.570471
97.014515 57.782548
95.348649 58.460503
145.861474 68.102055
144.326593 66.639294
142.685290 65.574796
150.901062 73.376626
149.968143 72.215788
147.943024 71.127993
149.036470 71.255032
147.741111 69.781314
146.768649 68.863322
145.015385 67.310043
142.762656 66.870929
153.724384 76.744494
152.598446 75.192725
151.816744 74.316085
149.511222 73.952325
148.079372 73.314466
146.568316 72.306984
144.693325 70.853484
138.409757 75.587039
155.553998 78.873715
154.611466 77.856609
152.345761 77.470678
151.162408 76.424293
149.753514 75.547635
144.271349 79.364752
142.192295 78.021152
140.176237 77.046506
137.789770 76.943807
158.258600 82.339314
157.046149 80.976533
156.338430 79.978448
154.514531 80.614126
153.140325 79.124869
147.963876 82.027879
145.989820 80.749805
142.951270 80.279252
141.592997 79.460305
140.144686 78.711093
138.676779 78.096988
160.028756 84.623784
159.134901 83.488412
157.642881 84.442252
156.064685 82.459092
151.652036 85.365221
149.605820 83.604468
146.757963 83.082607
145.445802 82.296541
144.163558 81.343794
141.409392 81.277197
139.442948 80.137540
138.174529 79.382173
163.262328 88.968917
162.071739 87.907722
161.105489 86.472972
155.109627 88.556143
153.116125 87.342424
150.818541 86.842928
149.757549 85.305355
148.023369 84.158510
144.897468 83.633349
143.562556 82.727189
142.412761 81.925963
140.444370 80.705673
137.899052 80.744333
162.257894 90.536527
160.622469 90.603543
157.952287 90.190425
155.759701 90.081438
153.709487 89.858542
151.358977 88.258004
148.773729 86.356071
147.456705 85.428839
146.169951 84.498953
143.497876 84.227021
141.588169 83.161763
139.845005 82.076962
138.136741 82.318003
159.724991 91.890805
158.522058 92.473788
156.938604 91.484917
155.570693 91.698635
154.198388 91.146145
152.564299 89.278477
149.654966 87.942153
147.337657 87.071450
145.422394 85.638039
143.760077 85.862368
141.860576 84.759068
139.874007 83.672209
135.880014 86.297633
157.391857 93.002126
156.158310 93.501514
154.886335 92.819907
153.068611 92.681389
152.191870 91.225810
150.570108 89.923024
148.210112 88.713074
145.669635 87.306963
140.927103 90.632859
139.290098 89.509265
137.513579 88.185144
135.448773 87.845913
154.615094 94.187726
153.431482 94.579747
150.109628 95.734727
148.006287 94.591905
145.198078 93.247687
143.177380 92.488919
141.557577 92.342030
140.071750 92.599223
137.699248 90.164851
135.642820 89.174558
152.056348 95.027611
148.385671 96.240610
146.527007 95.461393
145.102234 94.864824
143.582909 94.279901
142.309578 94.598124
141.190577 93.950704
138.976479 91.607025
136.514806 90.737332
146.010619 96.773496
144.495173 96.936362
144.046760 96.015454
142.413348 95.913578
140.457787 95.553031
139.180355 94.150492
137.491308 92.568778
142.729463 97.272279
141.404254 97.410783
140.080805 97.344028
138.440793 97.263942
135.328271 97.351964
122.333665 55.364380
120.531002 54.662173
118.592474 53.735470
131.314698 59.928004
129.698172 59.107039
128.333219 58.416316
126.701892 57.579442
124.651137 56.617808
123.491896 55.994692
121.409401 54.993249
117.334764 54.874013
140.602712 64.521821
138.701634 63.606534
136.795517 62.783280
134.758237 61.636049
132.683406 60.588068
130.304490 60.978630
129.211436 60.097028
127.675627 60.972203
127.389405 59.378739
125.887441 57.483807
123.994477 58.103120
122.321747 56.974474
120.180748 56.318603
140.234625 66.311190
139.165164 64.860099
135.081367 64.077038
131.239408 63.683070
129.664121 65.882505
128.718859 64.560969
127.453035 66.485259
127.429891 64.643114
125.880807 65.033582
124.720180 66.827284
141.579168 64.952238
137.169690 64.200930
135.627718 62.073055
133.051573 62.081154
131.272209 61.917995
129.720004 63.160959
128.936096 61.523412
128.332119 62.804188
126.608568 62.885792
126.179261 61.017625
125.355438 59.422593
121.818413 58.385312
118.218598 56.802975
109.393970 49.615270
107.416721 48.832953
105.224209 47.998696
103.128020 47.377295
101.505424 47.007328
99.939820 46.682935
97.881799 46.302479
118.592474 53.735470
116.616690 52.736474
114.953493 51.855877
113.176439 51.118494
111.420081 50.439152
110.336072 49.928512
106.191288 48.348558
103.674967 48.118854
102.148641 48.871854
100.839018 47.668983
99.541363 48.326296
98.899888 46.744629
95.992443 45.984837
117.334764 54.874013
115.869661 53.497739
114.383765 52.806856
112.872491 52.182210
111.135908 51.883166
108.068320 50.709251
104.287563 49.744523
102.840398 50.360796
101.783322 51.279338
100.919346 49.263609
99.895608 50.137697
98.617833 49.307343
96.903014 47.274076
120.180748 56.318603
115.488994 55.422219
113.975712 54.375939
112.036823 53.644339
109.477139 52.170904
106.140792 50.304844
102.416519 52.980681
101.200697 54.265837
100.361245 52.653609
100.374350 51.229084
98.655961 52.873742
98.230547 51.153716
97.235960 48.836797
115.421644 64.468750
112.456893 64.176652
110.532708 63.619256
107.691999 62.816228
106.121520 62.419576
104.453625 61.442692
102.546413 59.763193
101.476554 58.664468
100.496919 59.530185
99.427926 58.674740
118.218598 56.802975
113.781592 63.337597
111.314505 62.292475
108.784855 61.614159
106.105386 60.853372
104.042900 59.621607
102.570302 57.628218
101.804609 56.055025
100.434139 57.660374
100.184462 55.694884
99.488843 56.657679
99.360156 54.336533
97.811994 55.467223
93.654318 45.945729
91.518316 45.877591
89.403273 45.879586
94.868311 45.895116
90.637299 45.747051
88.322465 46.057190
86.942081 46.085819
84.949781 46.518968
92.731784 47.524059
90.553513 47.502188
88.306082 47.622671
86.024349 46.203169
83.742947 46.608700
82.460013 46.932228
80.527882 47.375399
93.313807 58.143433
90.993761 57.776421
88.411422 57.516301
84.640826 49.525731
82.232074 49.630057
80.574421 49.113776
78.520594 49.402683
76.551059 48.495984
75.382627 48.979634
73.555591 49.563398
94.896784 47.975297
89.857480 48.877642
87.079686 48.673474
85.441871 48.044403
83.403895 48.285718
81.529722 47.369683
79.267265 47.806319
77.811751 48.158376
61.804203 54.026823
60.753140 54.406761
59.360532 54.977262
57.577027 55.756251
61.643766 56.026748
58.970561 56.045528
56.277382 56.190273
54.929069 56.800468
59.944853 57.444572
57.838911 57.615597
55.888101 57.784776
53.618415 57.328710
52.360913 57.982654
62.048328 66.618261
56.575040 59.230749
54.344220 58.893371
51.927084 59.604785
50.881375 58.521683
49.697093 59.177149
60.451923 67.794037
58.564994 68.060029
53.375038 60.376630
50.321397 60.878888
48.428233 60.982753
47.302353 60.076815
45.817132 60.726657
59.477323 69.446186
57.003393 69.248119
55.026101 70.127595
47.467423 64.864484
46.808683 62.550755
45.065812 63.586763
44.393220 62.418834
57.952343 70.648343
56.526977 71.156614
53.117846 70.907640
49.782293 69.851132
48.542328 67.498101
46.292984 66.567957
45.631713 65.198695
54.369523 73.377885
53.227720 73.813739
51.463527 72.889471
49.473791 72.815727
48.621806 71.355117
56.033374 72.638353
54.766287 71.978743
52.763144 72.348741
50.792204 71.457613
47.942769 69.967791
47.135670 68.234049
89.932591 58.958807
87.683654 58.879852
85.815412 58.197321
83.545037 58.404629
79.652783 50.640695
77.110561 50.401286
74.591800 50.259903
72.354963 49.905399
71.438009 50.215308
70.138107 50.701837
88.723273 59.892555
86.674513 59.794658
84.728377 59.635852
82.603223 59.762110
80.689076 59.549857
75.562453 51.522555
72.898370 51.881693
71.064866 52.145485
70.683190 53.674304
69.393049 52.078214
68.339886 51.450436
66.985194 51.924925
87.858649 61.086016
85.729141 60.762045
83.816286 60.902004
81.920296 61.056753
79.077489 60.775316
77.229404 61.183510
72.495085 59.591370
71.279629 56.989962
70.387847 55.355887
69.155588 53.823631
67.835560 52.853260
65.975980 52.296550
64.780504 52.716767
86.820082 61.679795
84.996169 61.808286
83.220033 62.165441
80.463423 61.500701
78.637162 62.476842
76.572650 62.556371
74.020447 61.335599
70.976766 60.018845
69.915968 58.099887
68.737611 55.630217
67.921935 54.330928
66.529127 54.012081
63.767229 53.169394
86.361427 62.942836
84.223809 63.060327
81.901807 62.692759
80.529676 62.935273
77.151988 63.887061
75.282373 63.005399
73.929259 62.888036
72.214288 61.567147
70.698871 61.525527
69.839417 59.485311
68.995735 56.977926
67.273436 55.847834
65.286237 54.744839
85.411606 64.093608
82.733360 63.999229
80.698495 64.264979
78.875789 63.719514
75.753196 64.533872
74.562819 64.691339
73.438188 64.153847
72.485502 63.030801
71.138865 63.008438
69.673919 62.215407
68.611813 60.372311
67.806858 58.571734
63.474088 54.844088
84.015072 65.131364
81.633778 65.568692
79.322138 65.407095
77.455023 65.046179
75.962708 66.119006
74.664940 66.009968
73.290151 65.586506
72.295139 64.727085
71.275339 64.263099
69.894967 63.814574
68.326951 63.806518
68.073920 62.010362
66.287689 56.948311
84.609615 72.791879
81.835265 73.151550
77.658152 66.586468
76.401943 67.889576
75.028862 68.048192
74.050201 66.991227
72.701065 66.781380
71.904253 65.930061
70.598049 65.344197
69.287013 65.237189
67.948065 65.529269
66.633860 65.996399
64.715208 65.968346
83.426590 74.214135
81.444183 74.665138
78.241266 72.612841
76.066359 71.383995
75.669463 69.728322
73.582200 68.240132
72.419587 68.214040
71.401129 67.452602
70.629375 66.603712
69.512842 66.790910
67.457457 67.669818
65.555060 67.436681
63.484832 67.462048
81.351926 76.307264
80.093947 75.246217
79.426250 73.884637
76.678350 73.142832
75.137546 72.719866
73.750077 69.411974
72.510044 70.260260
71.291186 68.985546
70.040665 68.353846
68.552729 67.311009
64.984078 68.703287
63.363942 68.981792
61.616600 68.689439
80.544900 77.200884
79.282946 76.493989
78.517555 75.394479
77.637738 74.412297
76.334701 75.042487
75.385994 74.164005
74.239659 70.671719
70.794741 70.478042
68.901089 69.076051
66.630465 68.742443
64.376958 70.063579
62.110826 70.029321
60.642265 70.464442
80.414751 80.457589
78.792998 78.944252
77.812384 78.193859
76.782646 77.456459
75.709905 77.795366
74.167549 76.915696
72.513120 77.223660
71.666527 79.281429
69.794324 78.761105
64.532222 71.988725
80.750802 78.994861
79.477680 77.935853
78.062887 76.936498
77.109449 76.084255
75.629084 76.253293
74.244652 75.461403
73.505551 74.007784
73.359897 72.039168
67.839247 70.166082
66.026464 70.561792
63.040441 71.088086
61.188558 71.711796
59.214944 71.088277
113.760395 65.349043
111.510757 65.155978
109.122174 63.669835
106.004828 63.824318
103.660211 62.741764
102.947918 61.319849
101.569498 60.608285
99.974934 60.578315
98.871319 59.821461
97.665427 59.262227
96.257301 59.672590
94.048430 59.634986
92.011421 59.321166
112.515085 66.302551
110.181674 65.290255
107.696987 64.373815
104.727123 63.386088
102.482910 63.061652
101.747956 62.302801
100.875754 61.759174
99.774065 61.758927
98.754251 61.626527
97.983296 60.765882
96.858096 61.088315
94.035238 60.891543
90.783751 60.408408
113.430537 67.663238
111.053693 66.701057
108.937719 65.418544
106.272551 65.185855
103.456647 64.315099
101.752759 64.208020
100.555986 63.152589
99.336549 63.277174
98.197624 62.876438
97.141295 62.331732
95.635277 60.938163
92.519434 60.785551
89.394505 60.979601
112.002692 68.090575
109.395950 67.342228
107.917771 66.416364
104.546322 65.507230
102.691933 65.681906
101.236740 65.749299
100.365576 64.352707
98.985481 64.849644
97.859316 64.189187
96.082063 63.058293
94.817330 62.019336
91.338217 61.809094
89.813352 62.324923
112.955001 69.628677
110.474637 68.699448
106.376723 66.935091
101.719153 67.497679
101.193544 69.137501
99.996209 67.116431
99.826747 65.775078
98.680363 67.831582
97.901677 66.266339
96.529476 64.806979
93.079543 62.430001
91.649363 63.467723
88.243711 62.788689
109.731873 74.446744
107.254709 74.621191
105.358136 74.075937
103.540088 72.497497
102.075228 70.766754
101.376615 72.184595
99.973303 72.076449
100.009104 70.792176
99.821982 69.310264
97.938665 69.585319
94.468431 63.721141
89.641991 64.006788
87.375717 64.395876
109.992717 75.957270
108.023915 76.188464
104.492878 75.797153
103.571461 74.286723
102.223999 73.382362
100.581999 73.605555
99.158159 72.996452
98.389338 71.311188
97.037678 72.121602
95.332811 72.477969
92.932934 72.173830
90.329796 71.906548
87.679902 71.997661
109.467265 77.210239
105.695163 76.143178
103.233495 75.874106
102.183765 75.559673
101.526363 74.529580
100.249439 75.196232
99.367601 74.309480
97.835629 73.370909
96.042154 73.939187
93.829877 73.552776
91.460742 73.223127
89.160071 73.149316
86.624416 73.261496
109.408510 78.805619
106.947994 77.091053
103.598262 77.425716
102.158335 77.483766
101.204189 76.235629
99.851585 76.440552
98.707173 75.996183
98.237934 74.921591
97.104616 74.829444
93.911014 74.865828
90.787835 74.782481
88.162270 74.546097
85.477607 74.531426
107.587672 78.689528
105.162562 77.992973
103.009069 79.241249
101.485901 79.144453
100.660536 77.476100
99.093661 78.040264
98.053240 77.143374
96.512996 76.255725
95.369576 75.197850
92.159249 74.704025
89.545184 74.783865
86.955706 75.065121
84.115212 75.526313
105.811855 84.993465
103.799470 83.794307
102.224230 81.400342
100.837644 82.648921
100.259449 78.835837
100.457135 80.666744
98.823139 79.892174
96.771020 77.978425
94.217945 76.651643
92.187332 76.443710
88.593390 76.369012
85.645936 76.342845
82.592296 75.905968
101.437037 85.333784
99.875650 85.136454
98.350514 84.982956
96.137993 84.825611
93.871838 84.685211
92.517625 84.665976
89.794886 83.167552
106.858875 86.526783
104.575091 85.930516
102.848442 85.564947
102.308573 83.381256
100.762264 84.040122
99.419824 81.978672
98.422594 83.362491
96.031803 83.354247
93.154707 82.885409
90.290372 76.913054
87.072819 77.266524
83.858073 77.308696
82.110423 78.165632
141.053985 67.691087
137.854973 66.088943
130.444500 71.320061
129.303236 68.971595
128.621300 67.430914
126.993242 68.440265
126.217271 69.442063
126.332861 67.248251
124.872579 68.499224
122.837559 68.204234
120.189770 68.748903
118.740659 67.099751
115.872387 65.979912
136.209300 74.561672
133.362198 73.569711
131.397078 73.229562
129.231076 72.383992
128.743470 70.730611
127.748255 69.667485
126.341368 70.639176
124.935606 70.087242
123.702867 69.673241
122.100199 69.671426
118.820553 69.048640
116.907842 67.295853
114.417560 66.712569
135.408768 75.875950
133.956304 75.110898
131.893744 75.075451
129.826643 73.699864
127.947632 72.742947
127.549512 71.446975
126.203210 71.795125
124.928490 71.523875
123.888630 71.626984
122.950252 71.057753
120.826815 70.141581
117.413875 68.537228
115.445512 67.688861
136.412259 77.024371
134.103342 76.967409
130.509267 75.148708
128.204456 74.128743
127.025831 74.216594
126.638068 73.014856
125.311740 72.744888
123.970783 73.341147
122.879258 72.828695
121.660940 71.412758
119.031127 70.585643
116.485737 69.523215
114.603125 68.870782
136.868912 78.654586
135.278658 77.818066
132.747499 76.220312
129.078102 75.045294
127.195555 76.102788
126.249499 75.250804
125.349746 73.856028
123.663925 74.785845
122.277637 75.057519
121.498986 73.248906
120.008555 71.960432
117.405719 71.114102
115.130637 70.492479
135.897327 79.487592
133.675631 78.527006
132.050699 77.876580
128.541530 76.608738
125.818880 77.212620
124.673032 76.242493
125.000067 75.002422
124.164213 78.124397
123.275417 76.757516
121.372755 77.603130
118.073017 77.955656
115.336140 76.307718
112.847846 75.533776
136.256174 81.135745
134.266080 80.041379
130.534751 76.878608
126.835920 80.630205
125.999491 78.819418
124.482922 79.422786
123.229630 79.996124
122.833275 78.569921
121.511696 79.298151
119.737522 78.836405
115.981108 77.939729
113.905717 77.229984
111.462097 76.472458
133.313787 84.858095
130.733302 83.904137
129.043869 83.592948
127.516627 82.471021
125.695355 81.888976
125.079561 80.685784
123.759362 81.182731
122.265855 80.862594
121.179618 80.893220
120.118757 80.489243
116.591049 79.266034
113.537465 78.653132
112.088080 77.814776
133.906074 86.448434
131.613352 85.438277
127.874184 84.633882
125.678538 83.268497
124.453335 83.402394
123.992636 82.399623
122.709867 82.114916
121.365528 82.560397
120.126018 82.182240
118.884457 80.716262
117.979351 79.909415
114.953412 79.551555
111.047453 78.668649
133.540850 87.919320
131.876151 86.933033
130.013609 85.824838
126.607680 84.037503
125.055109 85.013781
123.681956 84.619882
122.641571 83.309443
120.998747 84.162558
119.635000 83.835750
118.406617 82.380836
116.402133 81.297172
113.535085 80.591692
111.449960 80.239946
134.104208 89.405714
131.533647 88.402926
128.487376 86.222212
126.409687 85.977228
124.042751 86.379069
122.807074 87.521635
122.326014 84.475065
122.220081 85.700556
121.055086 86.345578
119.525708 85.950639
114.130882 87.877973
111.303356 86.439097
108.509421 85.479993
131.865752 96.837489
129.521102 96.271505
126.909264 95.448345
123.784755 94.086366
122.147430 93.443242
121.437130 91.856213
120.091336 92.450781
118.702602 91.775461
117.105000 90.965135
114.525256 89.716638
134.934852 91.272576
132.550529 89.913331
129.779214 87.747823
123.033003 91.207069
121.900924 89.536983
121.116798 88.018742
120.379655 90.685706
119.999889 88.722162
118.863345 89.832652
116.559148 89.626370
112.649593 88.842445
110.778964 88.005143
108.876397 87.179437
