144.498689 72.206948
142.574355 71.662027
140.650021 71.117107
120.027266 63.198648
118.102932 62.653727
68.138695 77.606154
66.214361 77.061233
64.290027 76.516313
62.365693 75.971393
60.441359 75.426472
58.517025 74.881552
56.592691 74.336631
54.668357 73.791711
52.744023 73.246790
50.819689 72.701870
69.518109 80.075408
67.593775 79.530488
65.669441 78.985568
63.745107 78.440647
61.820773 77.895727
59.896439 77.350806
57.972104 76.805886
56.047770 76.260965
54.123436 75.716045
52.199102 75.171124
68.973189 81.999743
67.048854 81.454822
65.124520 80.909902
63.200186 80.364981
61.275852 79.820061
59.351518 79.275140
57.427184 78.730220
55.502850 78.185299
53.578516 77.640379
68.428268 83.924077
66.503934 83.379156
64.579600 82.834236
62.655266 82.289315
60.730932 81.744395
58.806598 81.199474
91.230704 84.145200
89.306370 83.600279
87.382036 83.055359
85.457702 82.510438
83.533368 81.965518
81.609034 81.420597
79.684700 80.875677
77.760366 80.330756
75.836032 79.785836
73.911698 79.240915
71.987364 78.695995
70.063029 78.151074
84.912782 84.434772
82.988448 83.889852
81.064114 83.344931
79.139779 82.800011
77.215445 82.255090
75.291111 81.710170
73.366777 81.165249
71.442443 80.620329
69.518109 80.075408
76.670525 84.179424
74.746191 83.634504
72.821857 83.089584
70.897523 82.544663
68.973189 81.999743
68.428268 83.924077
87.926957 81.131025
86.002623 80.586104
84.078289 80.041184
62.910614 74.047058
60.986280 73.502138
59.061945 72.957217
96.935257 56.659602
95.010923 56.114681
93.086589 55.569761
145.588530 68.358280
143.664196 67.813359
141.739861 67.268439
150.271691 73.841709
148.347357 73.296789
146.423023 72.751868
148.892277 71.372455
146.967943 70.827534
145.043609 70.282614
143.119275 69.737693
141.194941 69.192773
153.575439 76.855884
151.651105 76.310964
149.726770 75.766043
147.802436 75.221123
145.878102 74.676202
143.953768 74.131282
142.029434 73.586362
140.105100 73.041441
154.954852 79.325139
153.030518 78.780218
151.106184 78.235298
149.181850 77.690378
147.257516 77.145457
145.333182 76.600537
143.408848 76.055616
141.484514 75.510696
139.560180 74.965775
158.258600 82.339314
156.334266 81.794394
154.409932 81.249473
152.485598 80.704553
150.561264 80.159632
148.636930 79.614712
146.712595 79.069791
144.788261 78.524871
142.863927 77.979950
140.939593 77.435030
139.015259 76.890109
159.638014 84.808569
157.713679 84.263648
155.789345 83.718728
153.865011 83.173807
151.940677 82.628887
150.016343 82.083966
148.092009 81.539046
146.167675 80.994125
144.243341 80.449205
142.319007 79.904284
140.394673 79.359364
138.470339 78.814443
161.017427 87.277823
159.093093 86.732903
157.168759 86.187982
155.244425 85.643062
153.320091 85.098141
151.395757 84.553221
149.471423 84.008300
147.547089 83.463380
145.622754 82.918459
143.698420 82.373539
141.774086 81.828618
139.849752 81.283698
137.925418 80.738777
160.472507 89.202157
158.548173 88.657237
156.623839 88.112316
154.699504 87.567396
152.775170 87.022475
150.850836 86.477555
148.926502 85.932634
147.002168 85.387714
145.077834 84.842793
143.153500 84.297873
141.229166 83.752952
139.304832 83.208032
137.380498 82.663112
159.927586 91.126491
158.003252 90.581571
156.078918 90.036650
154.154584 89.491730
152.230250 88.946809
150.305916 88.401889
148.381582 87.856968
146.457248 87.312048
144.532914 86.767127
142.608579 86.222207
140.684245 85.677287
138.759911 85.132366
136.835577 84.587446
157.458332 92.505905
155.533998 91.960984
153.609663 91.416064
151.685329 90.871143
149.760995 90.326223
147.836661 89.781303
145.912327 89.236382
143.987993 88.691462
142.063659 88.146541
140.139325 87.601621
138.214991 87.056700
136.290657 86.511780
153.064743 93.340398
151.140409 92.795478
149.216075 92.250557
147.291741 91.705637
145.367407 91.160716
143.443073 90.615796
141.518738 90.070875
139.594404 89.525955
137.670070 88.981034
135.745736 88.436114
150.595488 94.719812
148.671154 94.174891
146.746820 93.629971
144.822486 93.085050
142.898152 92.540130
140.973818 91.995209
139.049484 91.450289
137.125150 90.905368
135.200816 90.360448
146.201900 95.554305
144.277566 95.009384
142.353232 94.464464
140.428898 93.919543
138.504563 93.374623
136.580229 92.829702
134.655895 92.284782
141.808311 96.388798
139.883977 95.843877
137.959643 95.298957
136.035309 94.754036
134.110975 94.209116
122.206948 55.501311
120.282614 54.956391
118.358280 54.411470
131.283698 60.150248
129.359364 59.605327
127.435030 59.060407
125.510696 58.515486
123.586362 57.970566
121.662027 57.425645
119.737693 56.880725
117.813359 56.335804
140.360448 64.799184
138.436114 64.254264
136.511780 63.709343
134.587446 63.164423
132.663112 62.619502
130.738777 62.074582
128.814443 61.529661
126.890109 60.984741
124.965775 60.439820
123.041441 59.894900
121.117107 59.349979
119.192773 58.805059
117.268439 58.260139
139.270607 68.647852
137.346273 68.102932
135.421939 67.558011
133.497605 67.013091
131.573271 66.468171
129.648936 65.923250
127.724602 65.378330
125.800268 64.833409
123.875934 64.288489
121.951600 63.743568
139.815527 66.723518
137.891193 66.178598
135.966859 65.633677
134.042525 65.088757
132.118191 64.543836
130.193857 63.998916
128.269523 63.453995
126.345189 62.909075
124.420855 62.364155
122.496521 61.819234
120.572187 61.274314
118.647852 60.729393
116.723518 60.184473
109.281530 49.762534
107.357196 49.217613
105.432862 48.672693
103.508528 48.127772
101.584193 47.582852
99.659859 47.037932
97.735525 46.493011
118.358280 54.411470
116.433946 53.866550
114.509612 53.321629
112.585278 52.776709
110.660943 52.231788
108.736609 51.686868
106.812275 51.141948
104.887941 50.597027
102.963607 50.052107
101.039273 49.507186
99.114939 48.962266
97.190605 48.417345
95.266271 47.872425
117.813359 56.335804
115.889025 55.790884
113.964691 55.245964
112.040357 54.701043
110.116023 54.156123
108.191689 53.611202
106.267355 53.066282
104.343021 52.521361
102.418687 51.976441
100.494353 51.431520
98.570018 50.886600
96.645684 50.341679
94.721350 49.796759
117.268439 58.260139
115.344105 57.715218
113.419771 57.170298
111.495437 56.625377
109.571102 56.080457
107.646768 55.535536
105.722434 54.990616
103.798100 54.445695
101.873766 53.900775
99.949432 53.355854
98.025098 52.810934
96.100764 52.266013
94.176430 51.721093
116.178598 62.108807
114.254264 61.563886
112.329930 61.018966
110.405596 60.474045
108.481262 59.929125
106.556927 59.384204
104.632593 58.839284
102.708259 58.294363
100.783925 57.749443
98.859591 57.204522
116.723518 60.184473
114.799184 59.639552
112.874850 59.094632
110.950516 58.549711
109.026182 58.004791
107.101848 57.459870
105.177514 56.914950
103.253180 56.370029
101.328846 55.825109
99.404512 55.280188
97.480177 54.735268
95.555843 54.190347
93.631509 53.645427
93.341937 47.327504
91.417603 46.782584
89.493268 46.237663
92.797016 49.251838
90.872682 48.706918
88.948348 48.161997
87.024014 47.617077
85.099680 47.072156
92.252096 51.176172
90.327762 50.631252
88.403428 50.086331
86.479093 49.541411
84.554759 48.996490
82.630425 48.451570
80.706091 47.906650
91.162255 55.024841
89.237921 54.479920
87.313587 53.935000
85.389252 53.390079
83.464918 52.845159
81.540584 52.300238
79.616250 51.755318
77.691916 51.210397
75.767582 50.665477
73.843248 50.120556
91.707175 53.100506
89.782841 52.555586
87.858507 52.010665
85.934173 51.465745
84.009839 50.920825
82.085505 50.375904
80.161171 49.830984
78.236837 49.286063
62.041896 55.093290
61.496975 57.017624
59.572641 56.472704
57.648307 55.927783
60.952055 58.941958
59.027721 58.397038
57.103387 57.852117
55.179052 57.307197
60.407134 60.866292
58.482800 60.321372
56.558466 59.776452
54.634132 59.231531
52.709798 58.686611
59.862214 62.790627
57.937880 62.245706
56.013546 61.700786
54.089211 61.155865
52.164877 60.610945
50.240543 60.066024
59.317293 64.714961
57.392959 64.170040
55.468625 63.625120
53.544291 63.080199
51.619957 62.535279
49.695623 61.990358
47.771289 61.445438
58.772373 66.639295
56.848039 66.094374
54.923705 65.549454
52.999371 65.004533
51.075036 64.459613
49.150702 63.914692
47.226368 63.369772
58.227452 68.563629
56.303118 68.018708
54.378784 67.473788
52.454450 66.928867
50.530116 66.383947
48.605782 65.839026
46.681448 65.294106
57.137611 72.412297
55.213277 71.867377
53.288943 71.322456
51.364609 70.777536
49.440275 70.232615
57.682532 70.487963
55.758198 69.943042
53.833864 69.398122
51.909530 68.853201
49.985195 68.308281
48.060861 67.763361
88.693000 56.404254
86.768666 55.859334
84.844332 55.314413
82.919998 54.769493
80.995664 54.224572
79.071330 53.679652
77.146996 53.134731
75.222662 52.589811
73.298327 52.044890
71.373993 51.499970
88.148080 58.328588
86.223746 57.783668
84.299412 57.238747
82.375077 56.693827
80.450743 56.148906
78.526409 55.603986
76.602075 55.059065
74.677741 54.514145
72.753407 53.969224
70.829073 53.424304
68.904739 52.879383
66.980405 52.334463
87.603159 60.252922
85.678825 59.708002
83.754491 59.163081
81.830157 58.618161
79.905823 58.073240
77.981489 57.528320
76.057155 56.983399
74.132821 56.438479
72.208487 55.893559
70.284152 55.348638
68.359818 54.803718
66.435484 54.258797
64.511150 53.713877
87.058239 62.177256
85.133905 61.632336
83.209571 61.087415
81.285236 60.542495
79.360902 59.997574
77.436568 59.452654
75.512234 58.907734
73.587900 58.362813
71.663566 57.817893
69.739232 57.272972
67.814898 56.728052
65.890564 56.183131
63.966230 55.638211
86.513318 64.101590
84.588984 63.556670
82.664650 63.011750
80.740316 62.466829
78.815982 61.921909
76.891648 61.376988
74.967314 60.832068
73.042980 60.287147
71.118646 59.742227
69.194312 59.197306
67.269977 58.652386
65.345643 58.107465
63.421309 57.562545
85.968398 66.025925
84.044064 65.481004
82.119730 64.936084
80.195396 64.391163
78.271061 63.846243
76.346727 63.301322
74.422393 62.756402
72.498059 62.211481
70.573725 61.666561
68.649391 61.121640
66.725057 60.576720
64.800723 60.031799
62.876389 59.486879
85.423477 67.950259
83.499143 67.405338
81.574809 66.860418
79.650475 66.315497
77.726141 65.770577
75.801807 65.225656
73.877473 64.680736
71.953139 64.135815
70.028805 63.590895
68.104471 63.045974
66.180136 62.501054
64.255802 61.956133
62.331468 61.411213
84.878557 69.874593
82.954223 69.329672
81.029889 68.784752
79.105555 68.239831
77.181221 67.694911
75.256886 67.149990
73.332552 66.605070
71.408218 66.060149
69.483884 65.515229
67.559550 64.970308
65.635216 64.425388
63.710882 63.880468
61.786548 63.335547
84.333636 71.798927
82.409302 71.254006
80.484968 70.709086
78.560634 70.164165
76.636300 69.619245
74.711966 69.074324
72.787632 68.529404
70.863298 67.984483
68.938964 67.439563
67.014630 66.894643
65.090296 66.349722
63.165961 65.804802
61.241627 65.259881
83.788716 73.723261
81.864382 73.178340
79.940048 72.633420
78.015714 72.088499
76.091380 71.543579
74.167045 70.998659
72.242711 70.453738
70.318377 69.908818
68.394043 69.363897
66.469709 68.818977
64.545375 68.274056
62.621041 67.729136
60.696707 67.184215
83.243795 75.647595
81.319461 75.102675
79.395127 74.557754
77.470793 74.012834
75.546459 73.467913
73.622125 72.922993
71.697791 72.378072
69.773457 71.833152
67.849123 71.288231
65.924789 70.743311
64.000455 70.198390
62.076120 69.653470
60.151786 69.108549
82.153954 79.496263
80.229620 78.951343
78.305286 78.406422
76.380952 77.861502
74.456618 77.316581
72.532284 76.771661
70.607950 76.226740
68.683616 75.681820
66.759282 75.136899
64.834948 74.591979
82.698875 77.571929
80.774541 77.027009
78.850207 76.482088
76.925873 75.937168
75.001539 75.392247
73.077205 74.847327
71.152870 74.302406
69.228536 73.757486
67.304202 73.212565
65.379868 72.667645
63.455534 72.122724
61.531200 71.577804
59.606866 71.032883
113.709343 63.488220
111.785009 62.943300
109.860675 62.398379
107.936341 61.853459
106.012007 61.308538
104.087673 60.763618
102.163339 60.218697
100.239005 59.673777
98.314671 59.128857
96.390337 58.583936
94.466002 58.039016
92.541668 57.494095
90.617334 56.949175
113.164423 65.412554
111.240089 64.867634
109.315755 64.322713
107.391421 63.777793
105.467086 63.232873
103.542752 62.687952
101.618418 62.143032
99.694084 61.598111
97.769750 61.053191
95.845416 60.508270
93.921082 59.963350
91.996748 59.418429
90.072414 58.873509
112.619502 67.336888
110.695168 66.791968
108.770834 66.247048
106.846500 65.702127
104.922166 65.157207
102.997832 64.612286
101.073498 64.067366
99.149164 63.522445
97.224830 62.977525
95.300496 62.432604
93.376161 61.887684
91.451827 61.342763
89.527493 60.797843
112.074582 69.261223
110.150248 68.716302
108.225914 68.171382
106.301580 67.626461
104.377246 67.081541
102.452911 66.536620
100.528577 65.991700
98.604243 65.446779
96.679909 64.901859
94.755575 64.356938
92.831241 63.812018
90.906907 63.267097
88.982573 62.722177
111.529661 71.185557
109.605327 70.640636
107.680993 70.095716
105.756659 69.550795
103.832325 69.005875
101.907991 68.460954
99.983657 67.916034
98.059323 67.371113
96.134989 66.826193
94.210655 66.281272
92.286321 65.736352
90.361986 65.191431
88.437652 64.646511
110.984741 73.109891
109.060407 72.564970
107.136073 72.020050
105.211739 71.475129
103.287405 70.930209
101.363070 70.385288
99.438736 69.840368
97.514402 69.295447
95.590068 68.750527
93.665734 68.205606
91.741400 67.660686
89.817066 67.115766
87.892732 66.570845
110.439820 75.034225
108.515486 74.489304
106.591152 73.944384
104.666818 73.399463
102.742484 72.854543
100.818150 72.309622
98.893816 71.764702
96.969482 71.219782
95.045148 70.674861
93.120814 70.129941
91.196480 69.585020
89.272145 69.040100
87.347811 68.495179
109.894900 76.958559
107.970566 76.413638
106.046232 75.868718
104.121898 75.323798
102.197564 74.778877
100.273230 74.233957
98.348895 73.689036
96.424561 73.144116
94.500227 72.599195
92.575893 72.054275
90.651559 71.509354
88.727225 70.964434
86.802891 70.419513
109.349979 78.882893
107.425645 78.337973
105.501311 77.793052
103.576977 77.248132
101.652643 76.703211
99.728309 76.158291
97.803975 75.613370
95.879641 75.068450
93.955307 74.523529
92.030973 73.978609
90.106639 73.433688
88.182305 72.888768
86.257970 72.343847
108.805059 80.807227
106.880725 80.262307
104.956391 79.717386
103.032057 79.172466
101.107723 78.627545
99.183389 78.082625
97.259055 77.537704
95.334720 76.992784
93.410386 76.447863
91.486052 75.902943
89.561718 75.358022
87.637384 74.813102
85.713050 74.268181
108.260139 82.731561
106.335804 82.186641
104.411470 81.641720
102.487136 81.096800
100.562802 80.551879
98.638468 80.006959
96.714134 79.462038
94.789800 78.917118
92.865466 78.372197
90.941132 77.827277
89.016798 77.282356
87.092464 76.737436
85.168130 76.192515
101.397295 84.945468
99.472961 84.400547
97.548627 83.855627
95.624293 83.310707
93.699959 82.765786
91.775625 82.220866
89.851291 81.675945
107.715218 84.655895
105.790884 84.110975
103.866550 83.566054
101.942216 83.021134
100.017882 82.476213
98.093548 81.931293
96.169214 81.386372
94.244879 80.841452
92.320545 80.296531
90.396211 79.751611
88.471877 79.206691
86.547543 78.661770
84.623209 78.116850
138.725686 70.572187
136.801352 70.027266
134.877018 69.482346
132.952684 68.937425
131.028350 68.392505
129.104016 67.847584
127.179682 67.302664
125.255348 66.757743
123.331014 66.212823
121.406680 65.667902
119.482346 65.122982
117.558011 64.578061
115.633677 64.033141
138.180766 72.496521
136.256432 71.951600
134.332098 71.406680
132.407764 70.861759
130.483430 70.316839
128.559096 69.771918
126.634761 69.226998
124.710427 68.682077
122.786093 68.137157
120.861759 67.592236
118.937425 67.047316
117.013091 66.502395
115.088757 65.957475
137.635845 74.420855
135.711511 73.875934
133.787177 73.331014
131.862843 72.786093
129.938509 72.241173
128.014175 71.696252
126.089841 71.151332
124.165507 70.606411
122.241173 70.061491
120.316839 69.516570
118.392505 68.971650
116.468171 68.426729
114.543836 67.881809
137.090925 76.345189
135.166591 75.800268
133.242257 75.255348
131.317923 74.710427
129.393589 74.165507
127.469255 73.620586
125.544920 73.075666
123.620586 72.530745
121.696252 71.985825
119.771918 71.440904
117.847584 70.895984
115.923250 70.351064
113.998916 69.806143
136.546005 78.269523
134.621670 77.724602
132.697336 77.179682
130.773002 76.634761
128.848668 76.089841
126.924334 75.544920
125.000000 75.000000
123.075666 74.455080
121.151332 73.910159
119.226998 73.365239
117.302664 72.820318
115.378330 72.275398
113.453995 71.730477
136.001084 80.193857
134.076750 79.648936
132.152416 79.104016
130.228082 78.559096
128.303748 78.014175
126.379414 77.469255
124.455080 76.924334
122.530745 76.379414
120.606411 75.834493
118.682077 75.289573
116.757743 74.744652
114.833409 74.199732
112.909075 73.654811
135.456164 82.118191
133.531829 81.573271
131.607495 81.028350
129.683161 80.483430
127.758827 79.938509
125.834493 79.393589
123.910159 78.848668
121.985825 78.303748
120.061491 77.758827
118.137157 77.213907
116.212823 76.668986
114.288489 76.124066
112.364155 75.579145
134.911243 84.042525
132.986909 83.497605
131.062575 82.952684
129.138241 82.407764
127.213907 81.862843
125.289573 81.317923
123.365239 80.773002
121.440904 80.228082
119.516570 79.683161
117.592236 79.138241
115.667902 78.593320
113.743568 78.048400
111.819234 77.503479
134.366323 85.966859
132.441989 85.421939
130.517654 84.877018
128.593320 84.332098
126.668986 83.787177
124.744652 83.242257
122.820318 82.697336
120.895984 82.152416
118.971650 81.607495
117.047316 81.062575
115.122982 80.517654
113.198648 79.972734
111.274314 79.427813
133.821402 87.891193
131.897068 87.346273
129.972734 86.801352
128.048400 86.256432
126.124066 85.711511
124.199732 85.166591
122.275398 84.621670
120.351064 84.076750
118.426729 83.531829
116.502395 82.986909
114.578061 82.441989
112.653727 81.897068
110.729393 81.352148
133.276482 89.815527
131.352148 89.270607
129.427813 88.725686
127.503479 88.180766
125.579145 87.635845
123.654811 87.090925
121.730477 86.546005
119.806143 86.001084
117.881809 85.456164
115.957475 84.911243
114.033141 84.366323
112.108807 83.821402
110.184473 83.276482
132.186641 93.664196
130.262307 93.119275
128.337973 92.574355
126.413638 92.029434
124.489304 91.484514
122.564970 90.939593
120.640636 90.394673
118.716302 89.849752
116.791968 89.304832
114.867634 88.759911
132.731561 91.739861
130.807227 91.194941
128.882893 90.650021
126.958559 90.105100
125.034225 89.560180
123.109891 89.015259
121.185557 88.470339
119.261223 87.925418
117.336888 87.380498
115.412554 86.835577
113.488220 86.290657
111.563886 85.745736
109.639552 85.200816
144.266719 71.987116
142.353251 71.476475
140.421485 70.979361
119.838719 63.179342
117.894141 62.596961
67.839599 77.770996
65.963440 77.207154
62.131515 76.068533
60.162874 75.544570
58.199650 75.019676
56.246529 74.491802
54.307615 73.958827
52.385546 73.418944
51.017627 73.038989
69.169234 80.267685
67.266264 79.720949
65.380145 79.162766
63.505642 78.594934
62.084962 77.995121
60.158035 77.486946
58.228978 76.990270
56.292834 76.502601
53.785784 75.878198
51.844758 75.348021
68.630868 82.198815
66.714396 81.670314
64.813454 81.120543
63.532954 80.470999
61.605773 79.944184
59.671543 79.441688
57.730390 78.947862
55.799159 78.435375
53.862041 77.919938
68.822967 83.972768
66.174926 83.601947
64.256913 83.063797
63.029731 82.408618
61.099899 81.883209
59.158531 81.382628
91.628700 84.143452
89.698838 83.594720
87.765147 83.045121
85.827904 82.499465
83.727371 82.269600
81.813901 81.751766
79.890365 81.218748
77.956171 80.668029
75.483928 79.927097
73.550884 79.407370
71.630268 78.871406
69.727074 78.326138
85.311489 84.422653
83.382214 83.878417
81.279228 83.682104
79.344275 83.130579
77.574682 82.253859
75.634688 81.717409
73.031131 81.330124
71.091245 80.803335
77.066476 84.182520
75.135798 83.642713
73.202830 83.110206
71.268963 82.572269
88.258812 81.123861
86.313311 80.576895
84.242703 80.306961
62.619195 74.165782
60.658084 73.638279
58.707739 73.107427
96.917797 57.008369
94.720389 56.093428
92.812613 55.565610
145.289450 68.094080
143.356115 67.571465
141.408373 67.076696
150.013780 73.541975
148.096190 73.013825
146.183924 72.494103
148.621322 71.078803
146.695720 70.547733
144.774470 70.025299
142.841900 69.523057
140.916165 69.012527
153.324958 76.544636
151.403522 76.011414
149.491790 75.486862
147.585900 74.970088
145.682834 74.458157
143.773942 73.952127
154.709044 79.013648
152.792334 78.484253
150.884734 77.963493
148.982772 77.449729
147.083751 76.939771
143.177618 75.916090
141.221140 75.362000
139.252059 74.809945
158.014217 82.022650
156.093713 81.484793
154.180898 80.959239
152.276461 80.441958
150.377049 79.930788
148.415595 79.463436
146.468387 78.907194
144.521216 78.352241
142.572164 77.798383
140.615064 77.248223
138.645899 76.695139
159.396109 84.491258
157.478978 83.957611
155.570375 83.434994
153.667507 82.921480
151.707613 82.457122
149.760216 81.899921
147.812638 81.348048
145.869378 80.795330
143.927512 80.244475
141.984831 79.694748
140.036605 79.144660
138.072721 78.595106
160.778896 86.961338
158.864815 86.431743
156.958846 85.912635
155.058090 85.401616
153.055531 84.898122
151.110458 84.342957
149.168742 83.790790
147.230581 83.241577
145.295752 82.695045
143.360875 82.154216
141.428516 81.610473
139.491614 81.065131
137.542806 80.514157
160.805853 89.024788
158.851028 88.502618
156.359159 87.895899
154.414141 87.340148
152.473279 86.788264
150.536912 86.240217
148.602274 85.699629
146.674833 85.158284
144.751051 84.619397
142.829718 84.082046
140.908594 83.544702
138.981771 83.007803
137.047589 82.460144
160.282107 90.945496
158.344503 90.415668
155.782408 89.787646
153.847210 89.240403
151.914214 88.701623
149.989522 88.162682
148.069395 87.626890
146.153102 87.093484
144.237364 86.564995
142.325674 86.033352
140.413668 85.500722
138.498462 84.964629
136.555132 84.400418
157.820818 92.339475
155.228049 91.704055
153.305197 91.167115
151.387514 90.633979
149.474144 90.103679
147.561572 89.578560
145.654017 89.050742
143.747755 88.523036
141.821184 87.965816
139.870017 87.411031
137.921215 86.852997
135.968528 86.295795
153.429895 93.204882
151.486476 92.677303
149.536317 92.160460
147.578193 91.633829
145.122933 90.963021
143.174926 90.404821
141.227304 89.853588
139.285661 89.301512
137.343866 88.755000
135.403719 88.207899
150.973332 94.602083
149.036638 94.072068
147.093557 93.553895
144.537287 92.847916
142.593900 92.300741
140.658655 91.753819
138.724883 91.214425
136.797989 90.673065
134.871060 90.136115
146.585261 95.470199
143.974648 94.750312
142.042541 94.213206
140.116143 93.680025
138.197483 93.145547
136.279442 92.616522
134.366516 92.083775
142.201402 96.354626
140.268325 95.824067
138.332606 95.307460
136.395924 94.776107
134.458887 94.258725
121.849604 55.327104
119.925304 54.783846
118.002567 54.240643
130.917874 59.991588
129.242726 60.013994
127.079881 58.905304
125.162816 58.359678
123.245452 57.814143
121.328210 57.268616
119.410366 56.725882
117.493377 56.183755
139.993922 64.632280
138.064597 64.098077
136.140377 63.556204
134.216912 63.020681
132.297120 62.488541
130.612600 62.488867
128.688945 61.969617
126.779152 61.401766
124.660943 60.331486
122.751992 59.781304
120.839914 59.232111
118.926384 58.684680
117.011598 58.141520
138.973146 68.518339
137.033470 68.007867
135.095138 67.492477
133.160724 66.988629
131.378434 66.915479
129.450799 66.471336
127.555327 65.972881
125.680335 65.402454
123.806488 64.769296
121.986192 63.871302
139.475545 66.560772
137.540404 66.045665
135.612253 65.518065
133.689272 64.992404
131.771783 64.476345
130.041957 64.464687
128.127430 63.952555
126.229091 63.383606
124.337560 62.765780
122.282800 61.775291
108.908243 49.620520
106.981960 49.082953
105.052749 48.554588
103.125883 48.018966
101.198653 47.483903
99.268679 46.960583
97.341392 46.427267
116.079720 53.700753
114.158312 53.160316
112.235414 52.624923
110.313954 52.086728
108.389763 51.554917
106.466743 51.017948
104.540047 50.488933
102.929655 50.419005
101.002526 49.904289
99.077405 49.348118
96.821340 48.367456
94.888879 47.833637
115.576865 55.643144
113.659412 55.106077
111.742708 54.567881
109.823573 54.033898
107.904893 53.496434
105.982489 52.964056
104.319525 52.840397
102.389208 52.352605
100.461236 51.830103
98.538474 51.266254
96.617165 50.666471
94.399989 49.763730
115.097325 57.599934
113.182186 57.062036
111.267313 56.523537
105.706972 55.250698
103.776693 54.779076
101.849077 54.285211
99.921959 53.754371
97.997743 53.182338
96.077841 52.577242
93.929763 51.703845
115.949156 62.025656
114.006843 61.464590
112.067935 60.910718
110.131765 60.361878
108.196052 59.821210
106.263585 59.279729
104.332893 58.740632
102.693625 58.655236
100.767836 58.145863
98.841824 57.596463
105.163642 57.192651
103.235790 56.717539
101.307411 56.216369
99.382793 55.676616
97.458683 55.096470
95.536834 54.486340
92.955405 47.314114
91.023696 46.784281
89.094769 46.255438
92.459754 49.240155
90.518893 48.708442
88.578499 48.193103
86.640371 47.663625
84.709406 47.144855
91.987092 51.166992
90.040408 50.644069
88.092344 50.124076
86.142423 49.593759
84.194968 49.063511
82.254763 48.541013
80.320877 48.006670
90.910735 55.035203
81.269467 52.370634
79.310088 51.845834
77.353562 51.315519
75.404824 50.783044
73.466902 50.247043
85.664442 51.515989
83.707329 50.985482
81.752169 50.455269
79.803665 49.930631
77.861746 49.396958
61.679170 55.241528
61.164718 57.153410
59.215649 56.621614
57.280122 56.082753
60.668260 59.059182
58.705676 58.532587
56.752648 58.000979
54.813214 57.463669
60.180621 60.960776
58.210912 60.435810
56.246106 59.910051
54.290036 59.379761
52.346994 58.843944
55.753083 61.812188
53.786459 61.287157
51.827711 60.758070
49.881346 60.223675
59.086690 64.808908
53.295021 63.188970
51.326689 62.663993
49.365593 62.135995
47.416177 61.602942
58.485447 66.758316
56.606448 66.196827
51.189540 64.706605
49.287572 64.214255
47.381111 63.709869
57.893510 68.702154
56.006618 68.144446
54.127448 67.583172
52.571426 67.166250
50.668305 66.674637
48.760635 66.173058
46.845730 65.653663
56.771707 72.571542
54.852035 72.029307
52.948731 71.480062
51.538001 71.094246
49.619729 70.580075
57.320846 70.641344
55.419669 70.090373
53.531484 69.533667
52.054827 69.134526
50.145819 68.634240
48.229560 68.118229
88.394960 56.432016
86.502762 55.896742
78.827817 53.751646
76.864436 53.226307
74.903203 52.697178
72.948891 52.166097
71.004940 51.631563
87.790643 58.378874
85.893395 57.844409
84.002865 57.304819
82.117425 56.760197
74.416648 54.604708
72.452030 54.076686
70.926783 53.772811
69.008839 53.260189
66.607710 52.476296
87.211391 60.308038
85.301846 59.777317
83.401402 59.241751
81.509565 58.700744
79.624603 58.154333
77.743816 57.603235
74.218075 56.708585
72.309761 56.221803
70.393048 55.718517
68.470292 55.188132
66.536456 54.628159
64.143387 53.860545
86.669487 62.248736
84.743480 61.719324
82.827094 61.185940
80.921421 60.647405
79.026137 60.103094
77.139477 59.553137
75.258523 58.998432
73.691687 58.670644
71.778357 58.173535
69.859137 57.652857
67.928301 57.104233
65.991686 56.526607
63.624256 55.774594
86.158321 64.166864
84.215360 63.639915
82.283438 63.121676
80.359288 62.586931
78.447303 62.046604
76.547380 61.500059
74.657798 60.947533
73.162637 60.627351
71.244348 60.115059
69.319093 59.575498
67.382371 59.008472
65.441117 58.416910
63.125128 57.682185
85.673313 66.091671
83.717552 65.565112
81.766494 65.037943
79.823770 64.508301
77.892461 63.974294
75.974433 63.434413
74.071255 62.891571
72.631086 62.574439
70.708903 62.043009
68.774565 61.485079
66.834510 60.901357
64.887563 60.300845
62.636872 59.584764
83.235891 67.481250
81.274252 66.955155
79.316790 66.428357
77.367411 65.898818
75.429555 65.364526
73.505464 64.823939
72.095441 64.508779
70.166030 63.957814
68.225270 63.382381
66.280601 62.786687
84.610480 69.913529
80.792648 68.864992
78.827085 68.339380
76.864851 67.812933
74.910056 67.283501
73.483903 66.971954
71.036605 66.207934
69.121413 65.659653
67.219923 65.104955
65.329841 64.546104
63.447470 63.984721
83.998806 71.847559
82.107647 71.314100
80.220413 70.769117
78.695557 70.450895
76.786882 69.951363
74.872125 69.434228
72.944656 68.895803
70.502650 68.128181
68.567441 67.586855
66.647428 67.039799
64.742128 66.487520
62.849319 65.930801
60.965542 65.370808
83.409432 73.788476
81.508599 73.259073
79.614733 72.716385
78.173492 72.411645
76.260428 71.896250
74.334648 71.361501
72.398432 70.803667
69.991691 70.038334
68.039097 69.504209
66.099781 68.965387
64.175523 68.421229
62.266397 67.871626
60.370744 67.317012
82.851586 75.725729
80.932989 75.190371
79.027888 74.661884
77.646528 74.359828
75.724569 73.826051
73.789352 73.271863
71.845078 72.696934
69.894914 72.106085
67.533116 71.413150
65.577297 70.880841
63.633870 70.344263
61.705226 69.802489
59.792127 69.255075
82.337584 79.802577
80.424455 79.286944
78.501192 78.755125
76.006646 78.000485
74.093041 77.473387
72.191239 76.928996
70.303549 76.376267
68.426230 75.815941
64.586760 74.691696
82.327771 77.656138
80.391401 77.124721
78.468518 76.601347
77.111739 76.291346
75.179880 75.738137
73.235926 75.166481
71.285447 74.578989
69.332314 73.982155
67.041952 73.316359
65.075716 72.788675
63.117087 72.258707
61.170009 71.724953
59.237456 71.186121
113.404617 63.366632
111.463630 62.810735
109.527522 62.261983
107.592375 61.723343
105.661031 61.183547
103.731100 60.646249
101.802460 60.111253
100.226597 60.073112
98.300873 59.513806
96.025856 58.537560
94.108758 58.012882
92.197435 57.488879
90.292872 56.962543
112.830568 65.278942
110.887849 64.722089
108.952964 64.174085
107.022448 63.631190
105.091182 63.099001
103.163067 62.562976
101.235129 62.028915
99.303636 61.511603
97.376200 60.983649
95.449967 60.457954
93.526226 59.934465
91.606853 59.412521
89.695291 58.908637
112.295080 67.204427
110.350610 66.648468
108.417385 66.101840
106.489899 65.560314
104.561791 65.028838
102.636000 64.493181
101.072685 64.459435
99.146369 63.919534
96.847125 62.910783
94.915619 62.383633
92.982798 61.881723
91.053843 61.359161
89.129293 60.834935
111.796652 69.140160
109.849856 68.588910
107.918008 68.044080
105.993063 67.503521
104.068019 66.971330
102.457735 66.901597
100.531655 66.389352
98.605303 65.837958
96.680840 65.249129
94.419555 64.314184
92.479054 63.806681
90.539225 63.282246
88.602925 62.775587
111.319663 71.085311
109.372946 70.536928
107.441311 69.995444
105.517785 69.455241
103.842230 69.329867
101.916770 68.839507
99.992704 68.315918
98.066004 67.752798
96.139107 67.155203
93.945369 66.261866
92.002068 65.732045
90.055214 65.220007
88.106053 64.693162
110.738523 73.032118
108.782283 72.493193
106.845372 71.951767
104.917926 71.416940
103.303074 71.274306
101.377975 70.774527
99.451755 70.238687
97.524540 69.663978
95.598534 69.058630
87.630248 66.619108
110.126728 74.932352
108.174093 74.399606
106.238012 73.860798
104.309394 73.328429
102.762506 73.216895
100.837344 72.706010
98.912646 72.157137
96.984513 71.571385
94.726296 70.661072
92.819732 70.123363
90.917020 69.591351
89.017534 69.051764
109.544930 76.845106
107.597987 76.315497
105.661760 75.784332
103.732873 75.246395
101.805932 74.715499
100.298613 74.633104
97.959840 73.648414
96.040089 73.119463
94.124038 72.582926
92.211635 72.054315
90.303694 71.517235
88.401144 70.987135
86.502992 70.447735
109.004449 78.772789
107.063548 78.243040
105.128685 77.711339
103.198059 77.172748
101.267300 76.640844
99.757547 76.555424
97.408912 75.572119
95.481006 75.042888
93.555522 74.514796
91.633472 73.978653
89.715899 73.451589
87.803415 72.915146
85.898236 72.386764
108.502620 80.712864
106.566934 80.180652
104.633518 79.646749
103.068977 79.538157
101.145069 79.023776
99.217956 78.472263
96.898084 77.507200
94.963044 76.968951
93.027881 76.439507
91.094650 75.911809
89.164321 75.376228
87.239168 74.850576
85.320968 74.325129
108.568014 82.825825
106.646788 82.259755
104.450594 81.974025
102.529078 81.478223
100.604194 80.949620
98.675677 80.383734
96.744476 79.786135
94.477508 78.903612
92.535476 78.372234
90.592865 77.835166
88.651197 77.307809
86.712591 76.782755
84.777706 76.249222
101.450524 85.341706
99.867903 84.443326
97.940932 83.888057
96.011513 83.326140
94.078333 82.774313
92.141781 82.219258
90.201780 81.670980
108.076101 84.769986
106.158038 84.198568
104.233515 83.640368
101.991001 83.412933
100.064664 82.869124
98.134349 82.289569
96.507841 81.399869
94.567501 80.848723
92.624391 80.298906
90.678855 79.747607
88.167012 79.235380
86.217034 78.701200
84.269777 78.177619
134.747911 69.554469
132.712302 69.303873
130.746044 68.914056
128.830636 68.507030
126.971842 68.033401
125.141048 67.461242
123.297040 66.803013
121.203031 65.740725
119.261498 65.118356
117.307097 64.514815
115.352344 63.933444
137.894419 72.386973
135.895176 71.855906
133.878094 71.348231
131.860507 70.876143
130.072157 70.901437
128.172579 70.551126
126.380333 70.122258
124.629625 69.547054
122.588429 68.384326
120.681237 67.716750
118.724981 67.063476
116.752867 66.441081
114.785823 65.848159
137.261803 74.262590
135.241347 73.728795
133.193958 73.215208
131.136112 72.743936
129.116131 72.340122
127.224970 72.012720
125.789113 72.210095
123.934467 71.084577
122.156121 70.379377
120.231480 69.669413
118.241412 68.999687
116.242204 68.369542
114.258256 67.773913
136.652233 76.142230
134.623919 75.592102
132.556286 75.055791
130.465513 74.545462
128.388453 74.103275
126.430379 73.819401
125.209571 74.256691
123.647709 73.041315
121.833935 72.263853
119.838730 71.559317
115.767549 70.292560
113.766499 69.706113
136.086386 78.036021
134.065159 77.467679
132.005949 76.889038
129.920311 76.303217
127.835779 75.721042
126.024010 75.683346
124.890170 75.384626
123.768200 75.044336
121.515448 73.952468
119.436514 73.367917
115.304685 72.207352
113.293530 71.641165
135.572730 79.951423
133.571976 79.371906
131.545495 78.760718
129.511717 78.111872
127.523929 77.412032
125.893656 77.149555
124.570769 76.512561
123.110411 76.361381
121.169614 76.018778
118.903975 75.160491
116.811285 74.650947
114.745950 74.118569
112.722167 73.577798
135.097257 81.897910
133.126940 81.311505
131.141291 80.692827
129.138062 80.016228
127.397304 79.756580
125.606945 79.106215
123.991227 78.559157
122.328617 78.178038
120.219050 77.348800
118.200720 76.954095
116.149388 76.489229
114.109833 75.988819
112.101680 75.467731
134.583386 83.824551
132.602019 83.229418
130.620992 82.603675
128.656991 81.953170
126.748493 81.284410
124.920823 80.647632
123.400007 80.646992
121.363036 79.653940
119.472954 79.256581
117.501081 78.840036
115.496575 78.378537
113.492208 77.887934
111.506967 77.375321
134.012738 85.731168
132.056992 85.149135
130.102118 84.553066
128.165859 83.936066
126.260310 83.319818
124.396167 82.726882
120.703832 81.697629
118.802961 81.245729
116.858811 80.787284
114.888745 80.313365
112.916311 79.816711
110.953482 79.302807
133.466957 87.652628
131.528601 87.093531
129.596972 86.519690
127.673493 85.941099
125.767755 85.362137
124.112130 85.324334
122.225014 84.796366
120.341159 84.257231
118.211709 83.261365
116.281708 82.771000
114.335793 82.275186
112.386686 81.766097
110.441253 81.245681
132.946263 89.597084
131.025732 89.049624
129.105765 88.500098
127.191492 87.945607
125.287171 87.387155
123.563426 87.343002
121.652912 86.816690
119.749951 86.264055
117.847017 85.686491
116.263218 84.978272
114.340157 84.455528
112.417360 83.916991
110.492185 83.374956
132.522330 93.741033
130.592286 93.207268
128.662430 92.682670
126.740182 92.144091
124.818400 91.611698
122.464820 91.279451
120.537617 90.755246
119.069221 89.998336
117.151764 89.459146
115.231897 88.918619
132.452471 91.553072
130.539566 91.019267
128.627939 90.481579
127.214194 90.180882
124.946422 89.821233
123.013416 89.324662
121.091397 88.799625
119.179257 88.240051
117.668708 87.492278
115.754601 86.957846
113.835489 86.421948
111.914672 85.880629
109.997178 85.323579
