144.266719 71.987116
142.353251 71.476475
140.421485 70.979361
119.838719 63.179342
117.894141 62.596961
67.839599 77.770996
65.963440 77.207154
62.131515 76.068533
60.162874 75.544570
58.199650 75.019676
56.246529 74.491802
54.307615 73.958827
52.385546 73.418944
51.017627 73.038989
69.169234 80.267685
67.266264 79.720949
65.380145 79.162766
63.505642 78.594934
62.084962 77.995121
60.158035 77.486946
58.228978 76.990270
56.292834 76.502601
53.785784 75.878198
51.844758 75.348021
68.630868 82.198815
66.714396 81.670314
64.813454 81.120543
63.532954 80.470999
61.605773 79.944184
59.671543 79.441688
57.730390 78.947862
55.799159 78.435375
53.862041 77.919938
68.822967 83.972768
66.174926 83.601947
64.256913 83.063797
63.029731 82.408618
61.099899 81.883209
59.158531 81.382628
91.628700 84.143452
89.698838 83.594720
87.765147 83.045121
85.827904 82.499465
83.727371 82.269600
81.813901 81.751766
79.890365 81.218748
77.956171 80.668029
75.483928 79.927097
73.550884 79.407370
71.630268 78.871406
69.727074 78.326138
85.311489 84.422653
83.382214 83.878417
81.279228 83.682104
79.344275 83.130579
77.574682 82.253859
75.634688 81.717409
73.031131 81.330124
71.091245 80.803335
77.066476 84.182520
75.135798 83.642713
73.202830 83.110206
71.268963 82.572269
88.258812 81.123861
86.313311 80.576895
84.242703 80.306961
62.619195 74.165782
60.658084 73.638279
58.707739 73.107427
96.917797 57.008369
94.720389 56.093428
92.812613 55.565610
145.289450 68.094080
143.356115 67.571465
141.408373 67.076696
150.013780 73.541975
148.096190 73.013825
146.183924 72.494103
148.621322 71.078803
146.695720 70.547733
144.774470 70.025299
142.841900 69.523057
140.916165 69.012527
153.324958 76.544636
151.403522 76.011414
149.491790 75.486862
147.585900 74.970088
145.682834 74.458157
143.773942 73.952127
154.709044 79.013648
152.792334 78.484253
150.884734 77.963493
148.982772 77.449729
147.083751 76.939771
143.177618 75.916090
141.221140 75.362000
139.252059 74.809945
158.014217 82.022650
156.093713 81.484793
154.180898 80.959239
152.276461 80.441958
150.377049 79.930788
148.415595 79.463436
146.468387 78.907194
144.521216 78.352241
142.572164 77.798383
140.615064 77.248223
138.645899 76.695139
159.396109 84.491258
157.478978 83.957611
155.570375 83.434994
153.667507 82.921480
151.707613 82.457122
149.760216 81.899921
147.812638 81.348048
145.869378 80.795330
143.927512 80.244475
141.984831 79.694748
140.036605 79.144660
138.072721 78.595106
160.778896 86.961338
158.864815 86.431743
156.958846 85.912635
155.058090 85.401616
153.055531 84.898122
151.110458 84.342957
149.168742 83.790790
147.230581 83.241577
145.295752 82.695045
143.360875 82.154216
141.428516 81.610473
139.491614 81.065131
137.542806 80.514157
160.805853 89.024788
158.851028 88.502618
156.359159 87.895899
154.414141 87.340148
152.473279 86.788264
150.536912 86.240217
148.602274 85.699629
146.674833 85.158284
144.751051 84.619397
142.829718 84.082046
140.908594 83.544702
138.981771 83.007803
137.047589 82.460144
160.282107 90.945496
158.344503 90.415668
155.782408 89.787646
153.847210 89.240403
151.914214 88.701623
149.989522 88.162682
148.069395 87.626890
146.153102 87.093484
144.237364 86.564995
142.325674 86.033352
140.413668 85.500722
138.498462 84.964629
136.555132 84.400418
157.820818 92.339475
155.228049 91.704055
153.305197 91.167115
151.387514 90.633979
149.474144 90.103679
147.561572 89.578560
145.654017 89.050742
143.747755 88.523036
141.821184 87.965816
139.870017 87.411031
137.921215 86.852997
135.968528 86.295795
153.429895 93.204882
151.486476 92.677303
149.536317 92.160460
147.578193 91.633829
145.122933 90.963021
143.174926 90.404821
141.227304 89.853588
139.285661 89.301512
137.343866 88.755000
135.403719 88.207899
150.973332 94.602083
149.036638 94.072068
147.093557 93.553895
144.537287 92.847916
142.593900 92.300741
140.658655 91.753819
138.724883 91.214425
136.797989 90.673065
134.871060 90.136115
146.585261 95.470199
143.974648 94.750312
142.042541 94.213206
140.116143 93.680025
138.197483 93.145547
136.279442 92.616522
134.366516 92.083775
142.201402 96.354626
140.268325 95.824067
138.332606 95.307460
136.395924 94.776107
134.458887 94.258725
121.849604 55.327104
119.925304 54.783846
118.002567 54.240643
130.917874 59.991588
129.242726 60.013994
127.079881 58.905304
125.162816 58.359678
123.245452 57.814143
121.328210 57.268616
119.410366 56.725882
117.493377 56.183755
139.993922 64.632280
138.064597 64.098077
136.140377 63.556204
134.216912 63.020681
132.297120 62.488541
130.612600 62.488867
128.688945 61.969617
126.779152 61.401766
124.660943 60.331486
122.751992 59.781304
120.839914 59.232111
118.926384 58.684680
117.011598 58.141520
138.973146 68.518339
137.033470 68.007867
135.095138 67.492477
133.160724 66.988629
131.378434 66.915479
129.450799 66.471336
127.555327 65.972881
125.680335 65.402454
123.806488 64.769296
121.986192 63.871302
139.475545 66.560772
137.540404 66.045665
135.612253 65.518065
133.689272 64.992404
131.771783 64.476345
130.041957 64.464687
128.127430 63.952555
126.229091 63.383606
124.337560 62.765780
122.282800 61.775291
108.908243 49.620520
106.981960 49.082953
105.052749 48.554588
103.125883 48.018966
101.198653 47.483903
99.268679 46.960583
97.341392 46.427267
116.079720 53.700753
114.158312 53.160316
112.235414 52.624923
110.313954 52.086728
108.389763 51.554917
106.466743 51.017948
104.540047 50.488933
102.929655 50.419005
101.002526 49.904289
99.077405 49.348118
96.821340 48.367456
94.888879 47.833637
115.576865 55.643144
113.659412 55.106077
111.742708 54.567881
109.823573 54.033898
107.904893 53.496434
105.982489 52.964056
104.319525 52.840397
102.389208 52.352605
100.461236 51.830103
98.538474 51.266254
96.617165 50.666471
94.399989 49.763730
115.097325 57.599934
113.182186 57.062036
111.267313 56.523537
105.706972 55.250698
103.776693 54.779076
101.849077 54.285211
99.921959 53.754371
97.997743 53.182338
96.077841 52.577242
93.929763 51.703845
115.949156 62.025656
114.006843 61.464590
112.067935 60.910718
110.131765 60.361878
108.196052 59.821210
106.263585 59.279729
104.332893 58.740632
102.693625 58.655236
100.767836 58.145863
98.841824 57.596463
105.163642 57.192651
103.235790 56.717539
101.307411 56.216369
99.382793 55.676616
97.458683 55.096470
95.536834 54.486340
92.955405 47.314114
91.023696 46.784281
89.094769 46.255438
92.459754 49.240155
90.518893 48.708442
88.578499 48.193103
86.640371 47.663625
84.709406 47.144855
91.987092 51.166992
90.040408 50.644069
88.092344 50.124076
86.142423 49.593759
84.194968 49.063511
82.254763 48.541013
80.320877 48.006670
90.910735 55.035203
81.269467 52.370634
79.310088 51.845834
77.353562 51.315519
75.404824 50.783044
73.466902 50.247043
85.664442 51.515989
83.707329 50.985482
81.752169 50.455269
79.803665 49.930631
77.861746 49.396958
61.679170 55.241528
61.164718 57.153410
59.215649 56.621614
57.280122 56.082753
60.668260 59.059182
58.705676 58.532587
56.752648 58.000979
54.813214 57.463669
60.180621 60.960776
58.210912 60.435810
56.246106 59.910051
54.290036 59.379761
52.346994 58.843944
55.753083 61.812188
53.786459 61.287157
51.827711 60.758070
49.881346 60.223675
59.086690 64.808908
53.295021 63.188970
51.326689 62.663993
49.365593 62.135995
47.416177 61.602942
58.485447 66.758316
56.606448 66.196827
51.189540 64.706605
49.287572 64.214255
47.381111 63.709869
57.893510 68.702154
56.006618 68.144446
54.127448 67.583172
52.571426 67.166250
50.668305 66.674637
48.760635 66.173058
46.845730 65.653663
56.771707 72.571542
54.852035 72.029307
52.948731 71.480062
51.538001 71.094246
49.619729 70.580075
57.320846 70.641344
55.419669 70.090373
53.531484 69.533667
52.054827 69.134526
50.145819 68.634240
48.229560 68.118229
88.394960 56.432016
86.502762 55.896742
78.827817 53.751646
76.864436 53.226307
74.903203 52.697178
72.948891 52.166097
71.004940 51.631563
87.790643 58.378874
85.893395 57.844409
84.002865 57.304819
82.117425 56.760197
74.416648 54.604708
72.452030 54.076686
70.926783 53.772811
69.008839 53.260189
66.607710 52.476296
87.211391 60.308038
85.301846 59.777317
83.401402 59.241751
81.509565 58.700744
79.624603 58.154333
77.743816 57.603235
74.218075 56.708585
72.309761 56.221803
70.393048 55.718517
68.470292 55.188132
66.536456 54.628159
64.143387 53.860545
86.669487 62.248736
84.743480 61.719324
82.827094 61.185940
80.921421 60.647405
79.026137 60.103094
77.139477 59.553137
75.258523 58.998432
73.691687 58.670644
71.778357 58.173535
69.859137 57.652857
67.928301 57.104233
65.991686 56.526607
63.624256 55.774594
86.158321 64.166864
84.215360 63.639915
82.283438 63.121676
80.359288 62.586931
78.447303 62.046604
76.547380 61.500059
74.657798 60.947533
73.162637 60.627351
71.244348 60.115059
69.319093 59.575498
67.382371 59.008472
65.441117 58.416910
63.125128 57.682185
85.673313 66.091671
83.717552 65.565112
81.766494 65.037943
79.823770 64.508301
77.892461 63.974294
75.974433 63.434413
74.071255 62.891571
72.631086 62.574439
70.708903 62.043009
68.774565 61.485079
66.834510 60.901357
64.887563 60.300845
62.636872 59.584764
83.235891 67.481250
81.274252 66.955155
79.316790 66.428357
77.367411 65.898818
75.429555 65.364526
73.505464 64.823939
72.095441 64.508779
70.166030 63.957814
68.225270 63.382381
66.280601 62.786687
84.610480 69.913529
80.792648 68.864992
78.827085 68.339380
76.864851 67.812933
74.910056 67.283501
73.483903 66.971954
71.036605 66.207934
69.121413 65.659653
67.219923 65.104955
65.329841 64.546104
63.447470 63.984721
83.998806 71.847559
82.107647 71.314100
80.220413 70.769117
78.695557 70.450895
76.786882 69.951363
74.872125 69.434228
72.944656 68.895803
70.502650 68.128181
68.567441 67.586855
66.647428 67.039799
64.742128 66.487520
62.849319 65.930801
60.965542 65.370808
83.409432 73.788476
81.508599 73.259073
79.614733 72.716385
78.173492 72.411645
76.260428 71.896250
74.334648 71.361501
72.398432 70.803667
69.991691 70.038334
68.039097 69.504209
66.099781 68.965387
64.175523 68.421229
62.266397 67.871626
60.370744 67.317012
82.851586 75.725729
80.932989 75.190371
79.027888 74.661884
77.646528 74.359828
75.724569 73.826051
73.789352 73.271863
71.845078 72.696934
69.894914 72.106085
67.533116 71.413150
65.577297 70.880841
63.633870 70.344263
61.705226 69.802489
59.792127 69.255075
82.337584 79.802577
80.424455 79.286944
78.501192 78.755125
76.006646 78.000485
74.093041 77.473387
72.191239 76.928996
70.303549 76.376267
68.426230 75.815941
64.586760 74.691696
82.327771 77.656138
80.391401 77.124721
78.468518 76.601347
77.111739 76.291346
75.179880 75.738137
73.235926 75.166481
71.285447 74.578989
69.332314 73.982155
67.041952 73.316359
65.075716 72.788675
63.117087 72.258707
61.170009 71.724953
59.237456 71.186121
113.404617 63.366632
111.463630 62.810735
109.527522 62.261983
107.592375 61.723343
105.661031 61.183547
103.731100 60.646249
101.802460 60.111253
100.226597 60.073112
98.300873 59.513806
96.025856 58.537560
94.108758 58.012882
92.197435 57.488879
90.292872 56.962543
112.830568 65.278942
110.887849 64.722089
108.952964 64.174085
107.022448 63.631190
105.091182 63.099001
103.163067 62.562976
101.235129 62.028915
99.303636 61.511603
97.376200 60.983649
95.449967 60.457954
93.526226 59.934465
91.606853 59.412521
89.695291 58.908637
112.295080 67.204427
110.350610 66.648468
108.417385 66.101840
106.489899 65.560314
104.561791 65.028838
102.636000 64.493181
101.072685 64.459435
99.146369 63.919534
96.847125 62.910783
94.915619 62.383633
92.982798 61.881723
91.053843 61.359161
89.129293 60.834935
111.796652 69.140160
109.849856 68.588910
107.918008 68.044080
105.993063 67.503521
104.068019 66.971330
102.457735 66.901597
100.531655 66.389352
98.605303 65.837958
96.680840 65.249129
94.419555 64.314184
92.479054 63.806681
90.539225 63.282246
88.602925 62.775587
111.319663 71.085311
109.372946 70.536928
107.441311 69.995444
105.517785 69.455241
103.842230 69.329867
101.916770 68.839507
99.992704 68.315918
98.066004 67.752798
96.139107 67.155203
93.945369 66.261866
92.002068 65.732045
90.055214 65.220007
88.106053 64.693162
110.738523 73.032118
108.782283 72.493193
106.845372 71.951767
104.917926 71.416940
103.303074 71.274306
101.377975 70.774527
99.451755 70.238687
97.524540 69.663978
95.598534 69.058630
87.630248 66.619108
110.126728 74.932352
108.174093 74.399606
106.238012 73.860798
104.309394 73.328429
102.762506 73.216895
100.837344 72.706010
98.912646 72.157137
96.984513 71.571385
94.726296 70.661072
92.819732 70.123363
90.917020 69.591351
89.017534 69.051764
109.544930 76.845106
107.597987 76.315497
105.661760 75.784332
103.732873 75.246395
101.805932 74.715499
100.298613 74.633104
97.959840 73.648414
96.040089 73.119463
94.124038 72.582926
92.211635 72.054315
90.303694 71.517235
88.401144 70.987135
86.502992 70.447735
109.004449 78.772789
107.063548 78.243040
105.128685 77.711339
103.198059 77.172748
101.267300 76.640844
99.757547 76.555424
97.408912 75.572119
95.481006 75.042888
93.555522 74.514796
91.633472 73.978653
89.715899 73.451589
87.803415 72.915146
85.898236 72.386764
108.502620 80.712864
106.566934 80.180652
104.633518 79.646749
103.068977 79.538157
101.145069 79.023776
99.217956 78.472263
96.898084 77.507200
94.963044 76.968951
93.027881 76.439507
91.094650 75.911809
89.164321 75.376228
87.239168 74.850576
85.320968 74.325129
108.568014 82.825825
106.646788 82.259755
104.450594 81.974025
102.529078 81.478223
100.604194 80.949620
98.675677 80.383734
96.744476 79.786135
94.477508 78.903612
92.535476 78.372234
90.592865 77.835166
88.651197 77.307809
86.712591 76.782755
84.777706 76.249222
101.450524 85.341706
99.867903 84.443326
97.940932 83.888057
96.011513 83.326140
94.078333 82.774313
92.141781 82.219258
90.201780 81.670980
108.076101 84.769986
106.158038 84.198568
104.233515 83.640368
101.991001 83.412933
100.064664 82.869124
98.134349 82.289569
96.507841 81.399869
94.567501 80.848723
92.624391 80.298906
90.678855 79.747607
88.167012 79.235380
86.217034 78.701200
84.269777 78.177619
134.747911 69.554469
132.712302 69.303873
130.746044 68.914056
128.830636 68.507030
126.971842 68.033401
125.141048 67.461242
123.297040 66.803013
121.203031 65.740725
119.261498 65.118356
117.307097 64.514815
115.352344 63.933444
137.894419 72.386973
135.895176 71.855906
133.878094 71.348231
131.860507 70.876143
130.072157 70.901437
128.172579 70.551126
126.380333 70.122258
124.629625 69.547054
122.588429 68.384326
120.681237 67.716750
118.724981 67.063476
116.752867 66.441081
114.785823 65.848159
137.261803 74.262590
135.241347 73.728795
133.193958 73.215208
131.136112 72.743936
129.116131 72.340122
127.224970 72.012720
125.789113 72.210095
123.934467 71.084577
122.156121 70.379377
120.231480 69.669413
118.241412 68.999687
116.242204 68.369542
114.258256 67.773913
136.652233 76.142230
134.623919 75.592102
132.556286 75.055791
130.465513 74.545462
128.388453 74.103275
126.430379 73.819401
125.209571 74.256691
123.647709 73.041315
121.833935 72.263853
119.838730 71.559317
115.767549 70.292560
113.766499 69.706113
136.086386 78.036021
134.065159 77.467679
132.005949 76.889038
129.920311 76.303217
127.835779 75.721042
126.024010 75.683346
124.890170 75.384626
123.768200 75.044336
121.515448 73.952468
119.436514 73.367917
115.304685 72.207352
113.293530 71.641165
135.572730 79.951423
133.571976 79.371906
131.545495 78.760718
129.511717 78.111872
127.523929 77.412032
125.893656 77.149555
124.570769 76.512561
123.110411 76.361381
121.169614 76.018778
118.903975 75.160491
116.811285 74.650947
114.745950 74.118569
112.722167 73.577798
135.097257 81.897910
133.126940 81.311505
131.141291 80.692827
129.138062 80.016228
127.397304 79.756580
125.606945 79.106215
123.991227 78.559157
122.328617 78.178038
120.219050 77.348800
118.200720 76.954095
116.149388 76.489229
114.109833 75.988819
112.101680 75.467731
134.583386 83.824551
132.602019 83.229418
130.620992 82.603675
128.656991 81.953170
126.748493 81.284410
124.920823 80.647632
123.400007 80.646992
121.363036 79.653940
119.472954 79.256581
117.501081 78.840036
115.496575 78.378537
113.492208 77.887934
111.506967 77.375321
134.012738 85.731168
132.056992 85.149135
130.102118 84.553066
128.165859 83.936066
126.260310 83.319818
124.396167 82.726882
120.703832 81.697629
118.802961 81.245729
116.858811 80.787284
114.888745 80.313365
112.916311 79.816711
110.953482 79.302807
133.466957 87.652628
131.528601 87.093531
129.596972 86.519690
127.673493 85.941099
125.767755 85.362137
124.112130 85.324334
122.225014 84.796366
120.341159 84.257231
118.211709 83.261365
116.281708 82.771000
114.335793 82.275186
112.386686 81.766097
110.441253 81.245681
132.946263 89.597084
131.025732 89.049624
129.105765 88.500098
127.191492 87.945607
125.287171 87.387155
123.563426 87.343002
121.652912 86.816690
119.749951 86.264055
117.847017 85.686491
116.263218 84.978272
114.340157 84.455528
112.417360 83.916991
110.492185 83.374956
132.522330 93.741033
130.592286 93.207268
128.662430 92.682670
126.740182 92.144091
124.818400 91.611698
122.464820 91.279451
120.537617 90.755246
119.069221 89.998336
117.151764 89.459146
115.231897 88.918619
132.452471 91.553072
130.539566 91.019267
128.627939 90.481579
127.214194 90.180882
124.946422 89.821233
123.013416 89.324662
121.091397 88.799625
119.179257 88.240051
117.668708 87.492278
115.754601 86.957846
113.835489 86.421948
111.914672 85.880629
109.997178 85.323579
