140.905287 76.630547
137.721721 76.237529
136.424076 74.932366
120.910001 67.635004
118.507369 66.863469
72.184559 75.672316
70.861231 76.139680
69.740317 72.295942
64.546912 71.477387
61.964036 72.147952
58.974409 73.197158
56.155399 73.315810
54.525280 74.180704
51.548185 73.634218
50.345775 74.234501
73.260011 77.877907
71.987542 78.476084
70.804250 78.199482
69.204766 77.503595
63.542432 72.886893
60.585945 73.195629
57.481830 74.250115
55.798365 74.956146
53.267041 75.137070
51.348331 75.812200
71.903740 80.502973
69.993420 79.499767
68.754444 80.193921
67.453553 80.969680
67.253973 78.745754
59.237602 75.073626
57.352279 76.221624
55.053304 76.601108
53.001108 77.051065
69.956662 82.122395
67.525314 83.544829
66.039530 81.867525
64.189975 83.147448
64.911002 80.566110
61.619068 74.624729
92.828352 78.448474
85.643049 79.004191
83.949229 81.314574
82.360917 80.813367
80.835871 81.251243
80.220550 80.232236
79.705945 79.358413
78.081112 79.826085
77.027427 79.224638
75.842337 78.563674
74.737499 77.239865
73.416333 76.364133
82.471809 83.841443
81.578910 82.448156
79.846326 83.545904
79.142604 81.623720
77.804567 81.168136
76.359897 80.737438
75.304686 79.997253
74.425718 79.155184
73.260011 77.877907
77.864535 83.102657
76.011197 82.396025
74.143539 82.020066
73.659136 80.445271
71.903740 80.502973
69.956662 82.122395
85.331992 77.349932
83.536332 79.272478
81.730802 79.502992
65.863445 70.352318
62.833820 70.577723
59.557478 71.820710
98.026199 58.144899
96.695840 57.909501
95.437827 58.631566
141.853312 74.670725
138.459688 73.240866
135.024735 71.882457
147.931781 78.898342
145.186645 78.453726
142.851927 77.358127
145.937586 77.107398
143.642307 76.139611
140.093806 75.334484
138.221646 74.875352
135.741587 73.611208
151.211389 81.238227
149.184742 80.403607
146.570890 79.801223
144.230727 79.334782
142.899121 78.590941
141.142766 77.833734
139.012409 76.772795
135.703651 76.337591
152.881055 82.747270
150.187700 82.485104
148.593892 81.811374
147.124828 81.145954
145.303731 80.435814
142.660792 79.847715
141.154861 79.081738
139.539924 78.081639
136.992131 77.630593
155.649730 84.937095
153.802243 84.412294
151.864042 84.026393
150.392178 83.799244
148.209131 83.053651
146.861452 82.450799
145.459374 81.703493
143.837423 80.821695
140.864291 79.971884
138.721010 78.655966
136.100275 77.111399
157.132112 86.720786
155.175086 86.640685
153.544628 85.919962
151.947148 85.427906
150.470885 85.214429
149.051641 84.048336
146.642536 83.768130
144.825207 82.532714
142.790765 81.193359
141.815527 80.570625
139.823998 79.327069
137.808421 78.112216
158.541366 88.414146
156.498842 88.450738
155.133097 88.283011
153.808375 87.438190
152.232718 86.785388
150.281086 86.380508
148.387286 84.999600
147.483180 84.357462
145.768221 83.169710
143.864442 81.893430
140.417862 81.961321
137.750759 80.288472
135.387487 79.085479
158.798104 90.305114
157.033974 89.896501
155.022455 90.086202
153.217826 88.631747
152.287796 87.905207
151.151868 87.035303
149.300642 85.657907
145.811739 85.188563
144.158782 84.059728
142.904724 83.355529
141.659315 82.700340
139.094575 81.167892
136.166225 80.783331
159.270139 92.100517
156.946415 91.699946
155.934835 90.843378
154.141111 89.367001
151.110882 89.067818
149.558112 87.886313
148.223594 86.901562
146.971179 86.069602
144.320842 85.295988
142.148824 84.825957
140.384889 84.037074
138.421575 82.788815
133.523493 85.044652
158.018245 92.698242
155.089755 93.379169
153.852499 91.707232
152.557538 90.342435
149.727248 89.354162
147.970412 88.324653
145.011178 86.781986
142.988913 86.560399
139.951765 88.024811
137.836870 87.618846
135.935601 86.460374
132.726256 86.346199
152.368741 92.765281
151.230764 90.900822
147.873080 89.997591
146.492397 87.524389
142.566596 89.918348
141.202318 90.598073
139.585652 89.603668
137.101892 89.166381
135.890730 88.350848
134.345329 87.352003
149.560435 91.470704
145.448720 88.935469
143.804974 91.948404
142.251506 92.950705
141.124166 92.074618
139.761529 91.050439
138.286442 89.989634
136.742868 90.909792
134.444273 89.365052
145.103800 95.146629
143.628184 94.045718
142.111062 94.939329
140.592287 93.742316
139.201188 92.678168
137.919408 91.826339
135.330810 90.503386
143.390553 96.657618
140.623760 96.095154
138.915678 94.680911
137.159804 93.630585
135.367665 92.482442
126.551847 58.560071
125.222004 60.319309
123.253605 62.189480
130.660296 59.662584
128.390610 60.158390
128.424892 58.423219
127.226000 60.775078
126.206136 61.978913
124.977554 63.122051
122.619244 64.357798
118.518865 64.811824
132.270554 66.241266
131.954297 64.022474
130.343186 64.169851
131.435610 61.848094
129.643924 61.742129
129.179476 63.368631
127.237799 64.195542
127.769979 62.331844
126.564930 63.514714
125.084465 64.549008
123.597809 65.348421
121.040965 65.346361
115.894956 64.136570
133.187674 71.977271
131.547602 70.683283
130.447997 69.240231
129.395903 68.040581
127.963900 67.625585
127.644696 68.743437
125.912366 68.837216
126.204029 67.815808
125.145836 67.177523
123.122669 67.228897
132.858171 69.729414
131.491014 68.143566
130.405920 66.830247
129.646857 65.796034
128.713807 64.999405
128.276615 66.530455
126.509149 66.747275
126.880472 65.446901
125.768124 65.707329
124.316874 66.336278
122.052663 66.560022
119.932251 66.632231
116.227794 66.544578
104.605538 51.640444
104.036957 49.641813
102.446547 50.175213
103.380625 47.632365
101.642538 47.049731
99.948893 47.464810
98.652776 46.382727
123.253605 62.189480
114.280559 61.519729
108.854042 59.205347
106.002566 56.216762
104.762267 54.172179
102.912668 54.021899
103.181011 52.509790
101.760782 52.128424
101.267886 50.949000
101.444855 48.985391
99.593510 51.294730
99.774106 49.231461
98.838977 50.246245
118.518865 64.811824
112.355354 62.031886
109.966835 60.904096
106.897385 58.740503
104.944135 57.355445
103.790841 55.877676
102.357103 55.211338
101.017718 54.342140
100.944566 55.567838
101.095855 53.172814
99.384237 54.188027
99.493512 52.593033
98.372752 53.262378
115.894956 64.136570
113.746720 63.475539
110.797850 62.472104
107.732043 60.640285
105.378261 59.007843
103.822832 57.961407
102.735774 56.944124
101.437225 56.461004
100.859032 57.254736
99.243955 56.683624
99.309335 55.435900
98.173986 55.774146
97.661910 54.497380
117.141668 67.499346
113.973636 64.984075
110.354506 64.542737
107.492735 63.382100
106.117322 61.605107
104.590365 60.863996
102.910133 59.755343
101.740043 59.873087
100.776714 59.348571
99.121257 59.820320
116.227794 66.544578
112.012476 63.797023
109.284176 62.576622
107.807658 61.963805
106.008715 60.370914
104.220808 59.611992
102.837528 58.620259
101.808545 58.196173
100.812033 58.361973
99.155807 58.771857
99.197032 57.712850
97.750498 56.912773
96.343242 56.628936
97.927554 48.291312
97.223893 50.338860
95.772272 49.552351
97.655797 51.879290
96.451030 52.974583
94.955711 53.936949
92.418770 55.040025
87.542970 55.442771
96.421479 55.215822
94.668248 55.861516
92.561026 56.737832
89.895367 56.482716
86.384200 56.925737
83.594846 56.493753
74.107522 55.252283
94.088655 58.954614
92.172659 58.772165
89.742081 58.611432
86.847421 58.613810
83.639643 58.742739
80.326970 58.897027
78.168502 59.461692
73.249006 56.869493
71.478586 55.262548
70.497722 52.081480
95.000965 57.335493
93.503911 57.751237
91.071990 57.847217
88.338886 57.662417
84.978673 57.891711
81.816646 57.904652
76.436232 58.021980
72.109279 53.471372
65.841581 54.636763
66.962313 57.696077
65.549842 57.219354
64.221184 55.403337
66.362669 61.369258
66.316277 59.570629
64.819044 60.780622
64.140421 58.399945
65.362442 63.070198
64.401020 64.232784
62.553526 64.624999
60.076300 65.015053
57.173294 65.198241
64.482903 65.890474
62.817897 66.250617
60.932926 66.499862
58.562838 66.588586
56.192019 66.813713
54.101357 66.185352
63.216328 67.460835
61.410097 67.789597
59.567869 67.644350
57.487772 67.926156
55.340191 68.169147
53.568908 67.979464
51.527141 67.522986
61.347683 69.310387
59.593786 68.850977
58.036097 69.149797
56.353241 69.113906
54.393647 69.426105
52.439253 69.292039
50.348614 69.294437
60.308704 69.733668
58.158710 70.631869
56.458153 70.304465
54.952766 70.606218
53.145738 70.491942
51.365846 70.698652
48.858729 70.757573
57.687124 72.617402
55.938688 71.590322
53.692662 72.610103
52.594761 73.128019
49.715022 73.265167
59.142482 70.217356
57.164413 71.056307
54.889198 72.060766
53.483140 71.620638
51.630366 72.020491
49.762300 71.990940
91.170819 59.983012
88.081317 59.531629
85.553195 59.476669
82.319291 59.739712
79.921947 60.375096
76.080941 59.682852
73.803338 58.355335
71.617359 57.005434
69.877074 54.298254
68.604522 51.237549
90.073697 60.040681
87.199318 60.380121
83.878534 60.371224
81.550027 60.935740
78.795551 61.149432
76.640887 60.916489
74.239010 59.616544
71.917679 58.570833
70.004331 56.893581
69.521511 55.612587
68.839224 53.218906
66.791842 51.896106
88.954920 60.144894
85.989970 60.598807
82.926660 61.300004
79.923375 62.176603
77.590149 61.817662
75.848261 61.973184
74.804546 60.831571
72.543418 59.773176
70.707696 59.368718
70.315265 58.173897
68.022495 56.324276
67.390631 54.135988
65.328828 52.804819
88.246642 61.951630
84.611453 60.888248
81.202980 61.781603
78.720253 62.570890
76.611549 63.308335
74.847745 62.530960
73.686949 61.396340
72.638716 61.010693
71.403174 61.384612
71.058325 60.399141
68.943453 59.258319
68.462922 57.761481
66.965511 55.749871
85.807712 62.487952
83.146542 63.045635
79.198442 64.390349
77.514309 62.985609
75.786068 63.612620
74.957130 63.921857
73.685482 62.558153
72.388172 62.780166
71.736558 62.308050
69.873388 61.977067
69.457066 60.786131
68.267620 60.322507
67.669955 59.063255
84.631971 63.981747
80.955041 63.632926
77.673362 64.972001
76.830406 65.868406
75.580783 65.439604
74.144731 64.233826
73.419244 63.798085
72.266907 63.730015
70.523054 63.754278
70.228592 62.959367
68.978611 62.883659
68.554925 61.604814
67.377178 62.048276
81.741931 65.021320
79.280037 66.095501
78.045656 67.496148
76.715586 67.932152
75.521348 66.673863
74.312490 65.951073
73.025950 64.667724
72.777984 65.048082
70.838281 64.586251
69.577125 64.569437
68.690987 64.140724
67.724105 63.490519
66.572675 63.755313
83.006962 72.693299
78.596126 71.203568
77.095365 70.081632
75.871925 69.337955
75.176534 67.849098
73.629476 67.140707
73.186916 66.366640
71.498843 65.270173
70.728532 65.576515
69.906657 65.903803
68.061187 65.165426
66.903830 65.219003
65.832369 65.527693
81.418594 73.409640
79.911588 72.447496
76.828181 71.765553
75.258638 70.835489
74.593402 69.371620
74.056562 68.146405
72.173212 67.908436
71.733394 66.848480
71.069422 67.343142
69.228063 66.174185
68.510749 66.458962
67.018147 67.050074
65.235969 67.208926
81.010454 75.179186
79.937889 74.143754
78.018966 73.010504
76.651105 73.721742
76.035647 72.474119
73.072614 69.987940
72.603907 68.920168
71.505913 69.248967
70.551578 68.249346
69.523876 67.821486
67.768016 66.753421
66.190733 67.377155
63.492327 68.447589
80.828458 76.918094
79.688046 75.527855
78.567229 74.205288
77.171167 74.741850
75.876970 75.809932
74.880654 73.845008
74.083321 72.193188
72.106949 70.809111
70.161327 69.595488
68.795338 68.673969
67.691700 68.936313
64.682110 67.974201
62.359969 68.901424
80.722166 78.482539
79.214480 78.505517
78.219458 77.694241
77.081666 78.055501
75.746974 76.836964
74.590957 75.841337
73.608798 74.769566
72.199027 73.935459
72.030385 72.447252
67.388406 71.149986
79.919938 77.168979
78.787369 77.628624
78.577429 75.858269
77.723781 75.797757
76.471229 76.933774
75.354362 74.791123
73.919755 73.201304
73.583619 71.120145
70.718364 70.966599
68.825206 70.329350
66.433371 69.067326
64.438737 69.836062
61.085778 71.187965
112.425673 65.423848
109.408188 64.151648
106.569564 63.031726
105.615243 62.678733
103.923784 62.091865
103.087356 60.815359
101.376957 61.307761
100.746081 60.392182
99.089222 61.069567
97.972690 59.352346
96.654007 59.126379
95.683329 60.160600
93.587221 59.979117
113.575532 65.920826
111.348324 64.963283
108.416829 63.750175
104.733985 62.364574
103.118773 61.826809
102.199832 61.549477
100.502046 61.078631
98.997506 62.401534
98.532120 60.618645
97.593836 60.444704
96.651508 60.283789
94.734969 60.063078
92.394115 59.958804
111.010967 67.212131
105.867044 64.953893
104.431709 64.507539
103.417270 64.049785
102.474905 64.359099
101.950991 63.186539
100.702391 62.642034
99.051272 63.899291
99.058886 62.926610
97.797467 62.475976
96.965147 62.155808
95.926283 61.951189
93.093183 61.642064
113.935934 67.868953
108.926520 66.268727
104.732627 66.426511
103.250307 66.348036
102.023847 66.279246
101.277405 64.555160
100.693043 63.641836
99.050543 65.021919
97.898370 64.418657
96.792547 63.954891
95.527019 63.547987
94.728518 62.030329
91.325098 61.880104
112.841326 68.934411
107.031352 66.229282
102.472406 68.338509
100.763575 69.434250
100.701013 66.489877
100.722487 67.836716
100.691306 65.305250
99.072308 67.291108
98.873307 66.116449
97.034828 65.665260
95.016999 65.119322
93.648527 63.011000
89.913906 62.785269
109.083825 74.731606
106.601883 73.572330
104.144815 71.251083
102.457170 70.340912
100.813683 70.851409
100.869449 72.098274
99.214054 71.815660
99.159657 70.510717
99.109602 68.972760
97.784475 68.596399
96.855010 67.188604
92.326691 63.978759
87.454479 63.565912
109.572815 76.258341
105.865184 75.348726
104.787397 73.202864
103.263926 72.989048
102.230516 72.133625
100.928037 73.223885
99.298521 73.452044
98.567243 72.645029
97.850919 70.584178
96.282849 70.426051
94.365110 71.792374
91.351616 72.468048
87.830229 72.757327
107.329958 75.683144
104.673250 75.098760
103.619840 74.773557
102.570820 74.708260
101.846694 74.000869
101.009013 74.561505
99.572757 74.273163
98.103925 74.097917
97.340083 72.255593
96.012405 72.460187
93.819926 73.590144
89.454342 73.913779
85.157029 73.552301
105.950420 77.045810
104.154492 76.667916
102.945690 76.439979
101.836214 76.250831
100.833988 76.096458
99.445717 75.736246
98.898663 75.856526
97.949237 75.743124
96.935813 73.876108
95.436895 73.827270
91.991550 73.830357
86.753991 74.148073
83.893821 74.564996
107.678190 77.458950
105.016515 77.827351
103.482632 77.954955
102.258673 77.902772
101.202862 77.189638
99.548955 77.091230
98.060335 77.285419
97.061353 75.663748
96.162820 75.595912
94.071191 75.492492
89.900076 75.534555
84.463807 76.131058
82.406678 74.853804
106.789862 78.712088
104.315411 79.288089
102.829197 79.650742
101.326026 78.604079
99.744297 79.303275
99.638248 78.144010
98.171163 78.486807
96.704210 77.295358
95.192734 75.537812
92.590425 75.470290
87.846362 75.683746
83.016090 76.403943
81.825490 76.667741
102.258647 83.102892
100.229560 83.706093
98.740556 82.582642
97.355957 81.205878
95.537732 79.733180
92.731799 76.738760
88.352249 77.237578
105.716191 80.280068
103.649559 81.318202
101.619740 81.377152
101.453096 79.924532
99.958610 81.392455
99.099950 80.301309
97.387431 79.472004
95.687423 78.081813
94.569791 77.180176
90.935338 76.325425
86.065097 75.883832
83.502693 77.735060
82.049627 78.120504
133.808330 73.669130
131.688669 72.298632
130.228000 71.075363
129.357067 70.104112
128.491511 69.335897
127.302560 69.941599
125.644882 69.773946
124.935941 68.477517
123.837828 68.128556
122.169833 68.301741
121.115044 69.328533
119.339532 68.500765
114.840583 66.473841
134.438502 75.035612
132.281367 73.592281
130.364232 72.404445
129.032293 71.652847
128.131542 70.903336
127.006689 70.977743
125.350489 70.804911
124.553154 69.744738
123.353348 69.188277
122.741043 70.101136
121.926051 69.710767
120.242165 68.919322
118.259036 68.005805
133.422594 75.597462
131.606147 74.604374
130.023463 73.760800
128.559041 72.996380
127.144048 72.272002
126.618984 72.335485
124.762758 72.863149
125.091160 71.713084
124.439035 70.923817
123.591205 70.510375
121.709554 71.565498
119.748396 70.852984
115.778395 69.243403
134.617213 76.264466
132.531039 75.107620
130.778426 74.161028
129.273812 73.367108
127.857729 72.635097
127.012964 74.205421
126.276210 73.535883
124.254728 72.660129
123.238534 73.097498
122.928851 72.011986
121.699393 73.048179
120.391088 72.069365
117.858753 69.904062
131.239900 76.916575
129.425465 75.648315
128.135078 75.902634
127.999020 74.690854
126.802744 76.002600
125.687029 75.599199
125.973727 74.595182
124.411542 74.093110
123.221425 74.753800
122.199638 74.313542
120.968725 74.921852
119.731741 73.754714
117.984571 71.647920
133.641998 77.897457
129.763398 77.088041
127.879531 77.402159
126.432448 77.453381
125.363204 76.733234
125.010058 77.969956
124.086790 75.230393
123.445836 77.475015
123.772620 76.330616
122.547838 76.284563
121.090961 76.338033
119.014726 76.508737
114.306691 77.255442
132.136901 78.633033
128.926297 78.892747
127.230290 79.112000
125.823417 78.876182
124.645880 79.245309
124.309380 80.423733
122.763978 79.862886
123.016309 78.979221
122.620139 78.095905
121.447445 77.855411
120.068061 77.871035
117.760489 78.214128
111.874323 76.922548
130.685195 83.535095
129.164453 81.711398
127.761906 80.921539
126.464136 80.522951
125.303648 80.655331
123.967071 81.622500
122.849148 81.107193
122.163390 80.734806
121.130898 80.339244
121.058591 79.207909
119.882295 79.809586
118.859901 79.080406
116.181254 78.109644
128.973227 84.105456
127.883281 83.234428
126.873768 82.651698
125.931242 82.238260
124.872756 82.053628
123.648950 83.342272
123.107192 83.035492
121.998378 82.544023
121.077162 82.108107
120.022195 81.649496
118.826435 81.148914
115.038414 79.694937
109.593415 77.965432
130.862670 85.243246
129.036247 86.091174
126.482527 84.710740
125.617531 84.264668
124.758334 83.832065
124.148534 84.801295
123.159925 84.449129
121.635753 83.813938
120.494472 83.187712
118.932185 82.431356
117.680699 80.688238
116.497016 80.231719
113.066394 79.020729
131.956689 87.797030
130.570414 86.971594
127.533081 85.266952
126.160977 85.984827
124.942814 85.850959
123.732044 86.402391
122.849829 85.535089
121.240679 85.197488
120.230264 84.459030
118.807142 83.711960
117.234845 82.238763
113.492446 80.595640
111.361383 78.608548
133.176779 90.991729
131.017395 89.454036
127.943472 88.556669
125.570202 88.974081
123.647915 89.721613
121.579208 90.681035
121.937354 88.730582
119.900880 89.804306
119.628974 88.132736
118.014046 86.943931
133.140533 88.722241
129.614863 87.861519
127.939842 86.529686
126.443048 87.379032
124.691589 87.526602
123.030136 87.976878
122.486501 86.807464
120.708674 87.060571
120.044913 86.012255
118.524749 85.223365
116.915581 84.055864
115.445931 81.878855
108.914637 79.509688
