139.818144 68.601021
138.465741 69.156188
136.982246 68.904019
115.784038 62.127331
113.975022 61.220256
68.138695 77.606154
66.214361 77.061233
64.290027 76.516313
62.365693 75.971393
60.441359 75.426472
58.517025 74.881552
56.592691 74.336631
54.668357 73.791711
52.744023 73.246790
50.819689 72.701870
69.518109 80.075408
67.593775 79.530488
65.669441 78.985568
63.745107 78.440647
61.820773 77.895727
59.896439 77.350806
57.972104 76.805886
56.047770 76.260965
54.123436 75.716045
52.199102 75.171124
68.973189 81.999743
67.048854 81.454822
65.124520 80.909902
63.200186 80.364981
61.275852 79.820061
59.351518 79.275140
57.427184 78.730220
55.502850 78.185299
53.578516 77.640379
68.428268 83.924077
66.503934 83.379156
64.579600 82.834236
62.655266 82.289315
60.730932 81.744395
58.806598 81.199474
91.230704 84.145200
89.306370 83.600279
87.382036 83.055359
85.457702 82.510438
83.533368 81.965518
81.609034 81.420597
79.684700 80.875677
77.760366 80.330756
75.836032 79.785836
73.911698 79.240915
71.987364 78.695995
70.063029 78.151074
84.912782 84.434772
82.988448 83.889852
81.064114 83.344931
79.139779 82.800011
77.215445 82.255090
75.291111 81.710170
73.366777 81.165249
71.442443 80.620329
69.518109 80.075408
76.670525 84.179424
74.746191 83.634504
72.821857 83.089584
70.897523 82.544663
68.973189 81.999743
68.428268 83.924077
87.926957 81.131025
86.002623 80.586104
84.078289 80.041184
62.910614 74.047058
60.986280 73.502138
59.061945 72.957217
90.727827 59.689617
89.132186 58.317903
88.237403 56.829053
141.155191 64.074963
138.295729 63.533981
135.690945 64.010370
146.568422 68.595930
143.511669 68.547486
141.435367 68.349004
144.994689 66.621475
142.412884 66.092019
139.565047 66.100855
137.605765 66.222487
135.988313 66.610963
149.933342 71.370039
147.486056 70.801164
145.107259 70.764631
143.336697 71.082241
141.811082 71.290456
140.357727 71.130343
138.756380 71.328677
136.785431 71.218089
151.338418 73.625950
148.629632 73.484274
146.606814 73.248072
144.916219 73.601194
143.271276 73.688582
141.584596 73.584752
139.611679 73.297645
137.408834 72.912246
134.922468 72.702856
154.752017 76.152927
152.318343 75.854650
149.950067 75.883387
148.011398 76.032399
146.242626 75.995083
144.446217 75.855684
142.346404 75.638792
139.972100 75.115773
137.577413 74.627212
135.206956 74.341643
132.861094 74.359967
156.461534 78.414773
153.699082 78.426280
151.436230 78.303842
149.427046 78.472789
147.472295 78.327236
145.340194 78.082455
143.001072 77.642588
140.584684 77.118081
138.317007 76.661927
136.179616 76.294019
134.062969 76.120876
131.954307 76.219214
158.398576 81.100979
155.590398 80.732608
153.214139 80.812068
151.031208 80.789713
148.790501 80.681923
146.393217 80.354625
143.981601 79.944874
141.757798 79.532579
139.699916 79.175896
137.696089 78.814763
135.671169 78.370033
133.641035 78.192161
131.717841 78.277948
160.472507 89.202157
155.849799 83.232736
153.101965 83.255097
150.475856 83.170888
147.854330 82.898712
145.428481 82.597977
143.210138 82.332731
141.116406 81.900282
139.039294 81.526645
137.037780 81.142105
135.190128 80.772325
133.463621 80.606601
131.778730 80.585200
159.927586 91.126491
158.003252 90.581571
156.078918 90.036650
154.154584 89.491730
152.230250 88.946809
150.305916 88.401889
148.381582 87.856968
146.457248 87.312048
144.532914 86.767127
142.608579 86.222207
140.684245 85.677287
138.759911 85.132366
136.835577 84.587446
157.458332 92.505905
155.533998 91.960984
153.609663 91.416064
151.685329 90.871143
149.760995 90.326223
147.836661 89.781303
145.912327 89.236382
143.987993 88.691462
142.063659 88.146541
140.139325 87.601621
138.214991 87.056700
136.290657 86.511780
153.064743 93.340398
151.140409 92.795478
149.216075 92.250557
147.291741 91.705637
145.367407 91.160716
143.443073 90.615796
141.518738 90.070875
139.594404 89.525955
137.670070 88.981034
135.745736 88.436114
150.595488 94.719812
148.671154 94.174891
146.746820 93.629971
144.822486 93.085050
142.898152 92.540130
140.973818 91.995209
139.049484 91.450289
137.125150 90.905368
135.200816 90.360448
146.201900 95.554305
144.277566 95.009384
142.353232 94.464464
140.428898 93.919543
138.504563 93.374623
136.580229 92.829702
134.655895 92.284782
141.808311 96.388798
139.883977 95.843877
137.959643 95.298957
136.035309 94.754036
134.110975 94.209116
117.576463 52.825180
115.444367 51.886778
113.022472 50.864209
125.830798 62.129021
123.216501 60.873039
121.211006 58.727893
119.255230 56.727886
117.405158 55.306444
115.356613 54.643734
113.633040 53.731058
111.421905 53.365830
134.266896 62.011661
131.822300 62.968995
129.894403 64.070071
128.188586 65.006657
126.425106 65.546453
124.527800 65.238888
122.885872 63.986515
121.540994 62.193064
120.101880 60.317390
118.286139 58.780029
116.492284 57.654868
114.820652 56.948831
112.835971 56.354566
134.641268 67.510369
132.865647 67.820427
130.830198 68.748495
128.296500 69.631405
125.920022 69.840190
123.656235 69.445998
121.453902 68.402939
119.630706 66.771847
118.331520 64.965197
117.316802 63.304070
133.660206 65.088077
131.794724 65.924267
130.008035 66.883212
128.188230 67.660972
126.240955 67.959996
124.214057 67.593926
122.299329 66.580541
120.855377 65.015712
119.892465 63.358634
118.855447 61.783634
117.406538 60.642179
115.803765 59.700909
113.595475 59.081545
103.245040 49.703968
101.366094 50.946533
99.612643 51.888933
97.711923 51.056177
95.633891 50.198697
93.344634 48.905129
90.888450 47.189277
113.022472 50.864209
110.289752 50.441289
107.926440 50.485968
105.817540 51.107294
104.169272 52.362619
102.706927 53.583866
101.155318 54.478963
99.468873 55.041996
97.684512 54.418222
95.929352 53.284485
94.060051 51.749308
91.475051 50.127119
88.825823 48.733540
111.421905 53.365830
109.457409 53.137078
108.024609 53.361930
106.642597 53.964973
105.145728 54.668736
103.525307 55.735139
101.603899 56.763759
99.596656 57.247219
97.588252 56.941855
95.727686 55.996369
94.233771 54.338260
92.521992 52.399564
89.774989 50.935890
112.835971 56.354566
110.974869 56.008468
109.520857 55.683797
107.874181 56.049816
105.896171 56.674473
103.517929 57.787748
101.188478 58.771151
99.107561 59.129393
96.995453 58.837086
94.948548 58.037350
93.384548 56.583667
92.413119 54.713565
90.861083 52.944185
111.643168 60.513819
109.742694 59.946649
107.448094 59.991195
104.917780 60.608066
102.815922 61.537320
101.018280 62.284829
99.258875 62.671502
97.329431 62.535123
95.126123 61.988128
92.815370 61.024175
113.595475 59.081545
111.461139 58.384044
109.533148 58.042699
107.322825 58.200769
104.902249 58.877722
102.422808 59.954622
100.289974 60.694202
98.252405 60.816564
96.056374 60.429008
93.847660 59.594985
92.036757 58.299189
90.935013 56.691819
90.273492 55.114971
87.032577 47.774444
84.804204 47.391360
87.667778 45.976955
86.652039 50.017182
84.165794 49.648967
82.429543 48.863634
80.403729 48.499376
82.411111 46.877948
88.332031 51.842123
85.448166 51.553871
82.287696 51.076724
79.874638 50.663647
77.912792 50.287024
75.772253 50.135102
78.154104 48.001646
87.067084 55.836451
85.671017 55.220170
84.178161 54.668564
82.295612 54.182694
80.046906 53.896906
77.500367 53.885025
75.145744 54.318574
72.950626 54.924755
70.856189 55.348157
68.694547 54.311472
88.869757 54.018438
86.848438 53.218909
84.019521 52.628464
81.204974 52.522917
78.471554 52.391435
75.922136 52.356109
73.693593 52.343595
71.462157 52.149405
56.400098 58.010563
55.776696 59.811760
53.345374 58.965218
56.356593 56.142265
56.943630 61.172041
53.218880 61.027663
50.994715 60.228923
48.935280 59.474412
58.250198 62.061122
54.949318 61.809358
51.622827 61.844105
49.404186 61.440105
47.457544 60.942232
57.421333 63.516554
55.734083 63.132322
53.626610 62.833286
51.786754 63.297434
49.607099 62.790108
45.603440 61.839110
58.657983 64.994943
56.641786 64.493302
54.808971 64.060562
53.048892 63.626788
51.164013 63.116169
49.198114 62.643484
46.705319 62.193692
58.772373 66.639295
56.848039 66.094374
54.923705 65.549454
52.999371 65.004533
51.075036 64.459613
49.150702 63.914692
47.226368 63.369772
58.227452 68.563629
56.303118 68.018708
54.378784 67.473788
52.454450 66.928867
50.530116 66.383947
48.605782 65.839026
46.681448 65.294106
57.137611 72.412297
55.213277 71.867377
53.288943 71.322456
51.364609 70.777536
49.440275 70.232615
57.682532 70.487963
55.758198 69.943042
53.833864 69.398122
51.909530 68.853201
49.985195 68.308281
48.060861 67.763361
83.225287 57.468435
82.481021 56.238024
81.020268 56.765976
79.823412 55.917739
78.246044 55.679994
76.274506 55.849207
74.235933 56.634129
72.099420 57.638721
69.850753 57.916055
67.445267 56.561303
81.748284 59.522864
80.208999 59.785082
79.446977 58.459045
77.977207 59.187543
77.354328 57.628658
75.766820 58.286838
74.156288 59.036700
72.426084 59.928478
70.460621 60.327864
68.213053 59.678098
65.677914 58.368247
62.654030 56.784498
81.237312 61.964851
79.449189 61.970783
77.919243 61.864576
76.421270 62.693196
76.133823 60.596242
74.743727 61.810174
73.320801 61.948411
71.849885 62.376117
70.098758 62.355017
68.134341 61.854580
65.821942 60.546011
62.746639 58.891264
59.154669 57.141168
80.529535 64.112741
78.969500 64.299925
77.584894 64.554995
76.278613 64.858514
75.061675 64.542215
73.888535 64.222234
72.587926 64.234941
71.112253 64.140524
69.387019 63.997551
67.472452 63.539352
65.568526 62.263258
63.045541 60.403137
59.119423 59.076569
80.643488 66.133110
78.974447 66.352534
77.543554 66.599688
76.190162 66.678236
74.895480 66.469058
73.637785 66.084266
72.253581 65.758217
70.663353 65.458994
68.780270 65.174623
66.726444 64.694180
64.899868 63.570437
63.208152 61.817658
59.730887 60.447065
81.873164 67.531429
79.935793 67.707221
78.202117 67.949965
76.721069 67.935429
75.096473 67.746058
73.563625 67.317217
72.031903 66.825229
70.305431 66.400199
68.142480 65.960987
65.739255 65.323080
63.827084 64.285501
62.574621 63.016141
60.847470 61.537495
82.478863 68.828700
80.843810 68.832633
79.242930 68.932370
77.388360 69.342745
75.530204 68.773674
73.519435 68.412320
71.490003 67.903739
69.486060 67.334355
67.138913 66.884173
64.195231 65.818707
62.220792 64.932244
61.446901 63.925256
60.140080 62.851237
82.125323 70.452243
81.284582 70.287600
79.767161 69.952036
78.150940 69.497700
76.369205 69.014831
74.300763 68.640905
72.320265 68.078612
70.216623 67.603980
68.211944 67.029486
65.993536 66.507017
63.529188 66.086989
60.114051 64.877980
58.993835 63.911018
84.333636 71.798927
82.409302 71.254006
80.484968 70.709086
78.560634 70.164165
76.636300 69.619245
74.711966 69.074324
72.787632 68.529404
70.863298 67.984483
68.938964 67.439563
67.014630 66.894643
65.090296 66.349722
62.990207 65.927319
60.805659 65.462846
83.788716 73.723261
81.864382 73.178340
79.940048 72.633420
78.015714 72.088499
76.091380 71.543579
74.167045 70.998659
72.242711 70.453738
70.318377 69.908818
68.394043 69.363897
66.469709 68.818977
64.545375 68.274056
62.621041 67.729136
60.696707 67.184215
83.243795 75.647595
81.319461 75.102675
79.395127 74.557754
77.470793 74.012834
75.546459 73.467913
73.622125 72.922993
71.697791 72.378072
69.773457 71.833152
67.849123 71.288231
65.924789 70.743311
64.000455 70.198390
62.076120 69.653470
60.151786 69.108549
82.153954 79.496263
80.229620 78.951343
78.305286 78.406422
76.380952 77.861502
74.456618 77.316581
72.532284 76.771661
70.607950 76.226740
68.683616 75.681820
66.759282 75.136899
64.834948 74.591979
82.698875 77.571929
80.774541 77.027009
78.850207 76.482088
76.925873 75.937168
75.001539 75.392247
73.077205 74.847327
71.152870 74.302406
69.228536 73.757486
67.304202 73.212565
65.379868 72.667645
63.455534 72.122724
61.531200 71.577804
59.606866 71.032883
107.065068 61.885391
105.045598 62.417943
103.263371 63.214562
101.620276 64.017972
100.023695 64.668324
98.338145 64.882477
96.482950 64.418132
94.371553 63.669060
92.101320 62.579703
89.915898 61.222499
87.839449 59.816080
86.123045 58.625363
84.641039 57.840294
106.268570 64.035471
104.373813 64.704569
102.651815 65.618556
101.053553 66.504371
99.467901 67.148676
97.747528 67.112247
95.957438 66.373096
93.888828 65.361701
91.503664 64.134493
89.282822 62.880761
87.407777 61.646566
85.467488 60.674517
83.420987 60.053676
105.831866 66.275751
104.111738 67.025644
102.518458 67.973152
100.943387 68.867968
99.260508 69.393255
97.476621 69.231990
95.761141 68.391971
93.996086 67.158776
91.669970 65.775793
88.798857 64.524548
86.590552 63.456787
84.870998 62.646105
83.080366 62.192439
106.189342 68.487281
104.554742 69.110221
102.871727 70.020363
101.096619 70.844631
99.246407 71.196497
97.314943 70.999480
95.470447 70.317062
93.902057 69.003018
92.278414 67.448374
89.746011 66.141159
86.635218 65.265686
84.163177 64.646916
82.244882 64.245321
106.740516 70.594038
104.809651 71.136654
102.809455 71.941079
100.980137 72.416904
99.035119 72.490538
97.030209 72.212527
94.881060 71.746500
93.314916 70.571524
91.952741 69.257508
90.433874 67.796806
87.960497 66.688672
85.178670 66.336814
82.648441 66.107407
105.656534 72.830027
103.808234 73.195678
102.122871 73.556074
100.423981 73.448163
98.544238 73.469144
96.444509 73.128749
93.816733 72.809148
92.240648 71.540309
90.758163 70.644646
89.768762 69.474285
88.337139 68.464186
86.358008 67.804040
83.965433 67.437599
104.834547 74.760147
103.377155 74.736451
102.733357 75.175950
101.189589 74.954529
100.401411 74.764444
98.430428 74.248187
96.146052 73.675684
91.280966 72.652807
89.784774 71.720462
88.130328 70.681616
87.005413 69.958594
85.606333 69.387566
84.139575 68.984281
109.438553 76.908308
107.505801 76.451694
105.822150 75.948209
103.920354 75.454928
101.853098 75.074476
99.965413 74.543097
97.858399 74.122474
95.665719 73.619965
93.069324 73.068895
89.433985 72.209610
86.014759 71.387464
84.592864 70.920678
83.387134 70.514186
109.349979 78.882893
107.425645 78.337973
105.501311 77.793052
103.576977 77.248132
101.652643 76.703211
99.728309 76.158291
97.803975 75.613370
95.879641 75.068450
93.955307 74.523529
92.030973 73.978609
90.106639 73.433688
88.182305 72.888768
86.257970 72.343847
108.805059 80.807227
106.880725 80.262307
104.956391 79.717386
103.032057 79.172466
101.107723 78.627545
99.183389 78.082625
97.259055 77.537704
95.334720 76.992784
93.410386 76.447863
91.486052 75.902943
89.561718 75.358022
87.637384 74.813102
85.713050 74.268181
108.260139 82.731561
106.335804 82.186641
104.411470 81.641720
102.487136 81.096800
100.562802 80.551879
98.638468 80.006959
96.714134 79.462038
94.789800 78.917118
92.865466 78.372197
90.941132 77.827277
89.016798 77.282356
87.092464 76.737436
85.168130 76.192515
101.397295 84.945468
99.472961 84.400547
97.548627 83.855627
95.624293 83.310707
93.699959 82.765786
91.775625 82.220866
89.851291 81.675945
107.715218 84.655895
105.790884 84.110975
103.866550 83.566054
101.942216 83.021134
100.017882 82.476213
98.093548 81.931293
96.169214 81.386372
94.244879 80.841452
92.320545 80.296531
90.396211 79.751611
88.471877 79.206691
86.547543 78.661770
84.623209 78.116850
135.341406 69.478969
133.065000 69.788583
130.064159 70.584817
127.296635 71.269935
125.044165 71.427562
122.802111 70.996029
120.504696 69.905608
118.422425 68.174466
116.736261 66.176379
115.211130 64.411214
113.383604 63.134493
111.419730 62.315483
109.191069 61.901925
134.320889 71.220725
131.546890 71.465324
128.662691 72.241429
126.276809 72.886631
124.161375 73.015031
121.981658 72.543322
119.792087 71.465814
117.685043 69.788091
115.818074 67.830204
114.097575 66.110704
112.284897 64.874633
110.331478 64.099361
108.287707 63.866903
132.191068 72.873603
129.637183 73.418946
127.356901 74.123965
125.269597 74.642778
123.266895 74.698030
121.269506 74.180292
119.323260 73.139980
117.380219 71.568478
115.347131 69.696020
113.474138 68.040170
111.674635 66.847881
109.745152 66.136537
107.737211 65.959979
130.579872 74.725803
128.439283 75.364907
126.425267 76.032460
124.484401 76.421613
122.549380 76.349292
120.642846 75.786568
118.832992 74.827215
117.127708 73.367202
115.279375 71.688352
113.285317 70.142060
111.364659 69.020464
109.559630 68.373126
107.843530 68.211537
129.917180 76.624402
127.962037 77.223629
126.027727 77.763416
124.079102 77.965516
122.101458 77.751751
120.123141 77.192070
118.309472 76.486397
116.720057 75.073028
115.085336 73.630060
113.392762 72.336539
111.699413 71.401518
110.086717 70.784399
108.476504 70.515291
129.859360 78.577796
127.979665 78.979609
126.078563 79.174511
124.065679 79.189514
121.946400 78.956464
119.767114 78.359912
117.680322 77.927759
116.061648 76.455785
114.438355 75.283895
112.803125 74.153754
111.124380 73.301409
109.401041 72.780286
107.577093 72.634133
130.013548 80.597818
128.184738 80.683647
126.575521 80.780542
125.775532 80.739114
124.457985 80.411682
122.708590 79.970335
120.466752 79.417673
115.438720 77.694483
113.315716 76.474856
111.463507 75.611301
109.715201 75.049924
107.984533 74.718875
106.333289 74.638122
134.911243 84.042525
132.986909 83.497605
131.062575 82.952684
129.138241 82.407764
127.213907 81.862843
125.289573 81.317923
123.365239 80.773002
121.440904 80.228082
119.516570 79.683161
117.592236 79.138241
115.667902 78.593320
113.743568 78.048400
111.819234 77.503479
134.366323 85.966859
132.441989 85.421939
130.517654 84.877018
128.593320 84.332098
126.668986 83.787177
124.744652 83.242257
122.820318 82.697336
120.895984 82.152416
118.971650 81.607495
117.047316 81.062575
115.122982 80.517654
113.198648 79.972734
111.274314 79.427813
133.821402 87.891193
131.897068 87.346273
129.972734 86.801352
128.048400 86.256432
126.124066 85.711511
124.199732 85.166591
122.275398 84.621670
120.351064 84.076750
118.426729 83.531829
116.502395 82.986909
114.578061 82.441989
112.653727 81.897068
110.729393 81.352148
133.276482 89.815527
131.352148 89.270607
129.427813 88.725686
127.503479 88.180766
125.579145 87.635845
123.654811 87.090925
121.730477 86.546005
119.806143 86.001084
117.881809 85.456164
115.957475 84.911243
114.033141 84.366323
112.108807 83.821402
110.184473 83.276482
132.186641 93.664196
130.262307 93.119275
128.337973 92.574355
126.413638 92.029434
124.489304 91.484514
122.564970 90.939593
120.640636 90.394673
118.716302 89.849752
116.791968 89.304832
114.867634 88.759911
132.731561 91.739861
130.807227 91.194941
128.882893 90.650021
126.958559 90.105100
125.034225 89.560180
123.109891 89.015259
121.185557 88.470339
119.261223 87.925418
117.336888 87.380498
115.412554 86.835577
113.488220 86.290657
111.563886 85.745736
109.639552 85.200816
