146.058442 70.290716
144.552837 69.240598
142.870536 67.927313
122.900399 67.807528
119.453190 67.803323
72.751711 80.661160
70.481377 80.584638
66.942253 80.271079
57.688732 73.705082
56.613149 75.269602
55.073290 75.010714
53.779661 74.918987
51.938520 74.317716
50.652596 74.847687
50.266641 74.162633
74.251651 80.043032
69.032979 82.211258
68.662359 80.662808
64.996804 81.139574
62.473096 81.585907
55.135768 77.434452
54.794992 76.261954
53.378541 75.938447
52.003932 75.913421
51.126843 75.418985
67.920055 82.991113
66.600488 81.617529
66.643025 83.162482
65.324914 82.846497
63.879776 82.409331
55.110293 79.145700
53.663420 78.496594
53.069767 77.423273
52.178780 76.871731
69.809278 83.859640
66.833354 84.339190
65.386176 84.101729
63.773094 83.730154
61.810654 83.176386
60.608798 82.566678
96.328138 84.389266
83.638332 84.432631
81.828589 83.843981
80.646682 83.043425
79.888319 82.113062
78.838828 79.967519
78.338395 79.021735
77.328445 78.387907
77.045859 79.385926
76.235649 78.602514
75.181794 77.983086
74.159002 78.333035
82.254736 84.955129
79.948432 84.426615
79.430901 80.899502
78.497374 81.851462
78.021914 80.507426
77.100891 80.639805
76.062134 80.486861
75.507216 79.346753
74.251651 80.043032
78.649874 83.346294
77.137966 82.336097
75.434380 81.761956
70.427259 81.797225
67.920055 82.991113
69.809278 83.859640
82.842654 82.531357
81.678412 81.824094
80.627625 81.118953
61.523743 71.630134
59.133258 72.432097
55.750691 73.910908
98.616062 58.097156
97.656410 57.473422
96.322399 57.754688
145.846454 67.883778
144.314777 66.735587
142.668597 65.523982
150.850135 73.424716
150.039649 72.176144
148.402657 70.623344
149.066810 71.233238
147.746121 69.717069
146.738470 68.778227
145.124476 67.312858
143.428078 66.060277
153.765101 76.893944
152.675354 75.373002
151.851176 74.372089
149.734743 74.147825
148.525211 72.941596
147.107216 71.780900
140.452545 78.058024
137.532862 76.689549
155.658410 79.100698
154.866604 78.077648
153.465889 78.464543
152.541241 76.688294
150.805693 75.768339
144.725801 80.890770
142.452243 79.306993
138.346102 78.034299
135.996009 77.218623
161.095899 87.716462
160.431096 86.207574
159.430951 84.790751
158.327555 82.963419
155.669003 80.642205
148.000120 83.954739
146.329589 82.526989
143.171558 80.799546
141.034189 79.867366
139.369917 79.284165
136.668572 78.553985
159.905358 90.325371
161.168645 89.209712
159.171133 89.075128
158.866569 87.502594
151.795883 86.678030
149.849693 85.447395
148.704068 86.310991
146.291371 84.466063
144.570372 82.604327
141.578815 81.719264
139.516459 80.277863
134.552142 77.582543
161.405998 91.003981
158.568091 90.731665
157.736514 89.411840
156.121327 88.536403
154.399340 88.021155
152.966648 88.059588
151.624653 88.680839
150.766998 88.011549
147.604389 85.334097
143.426277 82.976825
142.310464 82.107271
140.801523 80.977988
138.133250 79.578570
159.873368 91.805432
157.639285 91.359891
156.627299 89.945956
155.432229 90.151229
154.458383 89.387631
154.122148 90.714470
153.249029 89.895716
152.268324 89.559864
149.894222 87.163397
144.858542 83.846215
141.844752 83.599630
138.839008 81.559660
137.101946 80.499215
158.869159 92.267499
157.940908 92.718098
156.643214 91.146109
156.243629 92.162269
155.569293 91.796390
154.781668 91.356375
152.788725 91.047159
148.845644 88.244348
146.900386 86.705526
145.045574 85.435559
143.384132 84.431315
140.143153 82.731998
134.633958 88.595843
157.118474 93.065027
156.259488 93.502700
155.124989 93.014836
153.947246 92.274491
152.713399 92.380881
151.371131 91.677005
150.533145 90.024345
143.881265 92.374229
141.594760 91.356379
139.651584 90.583957
137.755467 89.380496
138.388115 91.398086
154.964260 93.996270
153.785279 93.587673
151.945489 93.786966
147.283582 95.095544
145.806575 93.758279
142.791404 93.271089
141.700450 93.247413
140.736815 92.511076
140.639036 94.171832
139.230793 92.260027
153.223717 94.730237
147.059328 96.563007
145.778636 95.985226
145.028817 94.927460
144.061723 93.929945
143.382668 95.383220
142.686432 94.735726
141.641376 94.660934
139.721791 93.238007
145.239109 96.847499
144.075476 97.020308
144.078717 95.795963
142.759410 96.402346
141.590267 95.835360
139.634309 94.857633
138.206137 94.023086
142.595651 97.278774
141.412822 97.350378
139.995213 97.480317
140.459560 96.054835
138.974434 96.047855
122.437802 55.433340
121.174547 54.803404
118.668756 53.704983
131.129305 59.823278
129.814675 59.203173
128.929308 58.679345
127.862118 58.161602
126.286225 57.362086
124.479840 56.429088
121.941823 55.175346
120.020810 54.344635
140.568892 64.415244
138.435078 63.376146
135.806869 62.128080
133.020513 60.767903
131.374188 60.699972
130.027530 61.761065
129.432833 60.138698
127.474014 61.850873
128.050132 60.293283
127.158196 59.838533
126.647726 58.733703
124.523340 57.620834
118.923470 55.905535
138.956334 65.339032
136.308419 62.933955
132.119693 63.087438
129.281209 65.088449
127.921393 66.806081
127.599816 65.542937
126.453247 69.163988
126.616323 68.112805
126.634725 66.524805
125.271625 66.725471
141.317098 64.922869
139.072762 63.690251
133.600101 61.729995
131.156586 62.053608
130.189539 63.540812
128.610132 63.038783
129.107380 60.899041
128.805199 62.004771
128.006671 64.008639
126.672088 63.327902
126.152923 61.187589
125.137146 59.234838
122.120392 57.182571
108.360714 49.073544
106.422162 48.377530
104.036336 47.650292
102.642226 47.263923
101.437172 47.009777
100.148120 46.725414
98.498777 46.339566
118.668756 53.704983
116.679133 52.614260
114.812871 51.761231
113.083461 51.104624
110.910023 50.129264
106.140893 49.277173
104.054421 48.669263
102.782996 49.118549
101.954178 48.235301
100.710135 47.950114
99.451562 48.448302
99.226998 47.134650
97.289656 46.162818
120.020810 54.344635
117.450229 53.085987
115.647331 52.209332
112.235886 50.750001
109.881400 50.916979
104.744022 50.023983
103.253464 50.726093
101.957407 51.485718
101.826206 49.946200
100.690001 48.838858
99.421505 50.455723
98.523492 49.305146
97.886759 48.162860
118.923470 55.905535
116.500982 54.605812
114.371222 53.489794
112.389262 52.501415
108.200282 50.153148
101.697726 53.112379
100.405452 55.072420
100.384301 53.150674
100.114265 57.077198
100.571108 49.793289
100.617341 51.018433
99.871620 51.997502
97.986237 50.819616
115.916090 66.234130
111.402231 64.673299
109.234440 64.433617
107.384367 63.286755
105.112529 62.171690
103.791430 60.722007
102.752140 60.041577
101.873318 59.220234
100.487949 59.955478
99.180814 59.585838
122.120392 57.182571
113.220756 64.527907
110.043464 63.222270
106.685803 62.021233
105.094381 60.637249
103.638327 58.849741
102.292438 57.800126
101.514541 56.659489
100.996812 58.632543
99.914590 58.966160
99.816736 57.931807
99.724581 56.001837
98.233870 56.042928
95.222230 45.916505
94.249756 45.865666
89.462420 45.806711
95.566770 47.168674
91.180733 45.760472
88.490896 46.014764
87.232776 46.012763
84.953593 46.456398
96.673958 47.947064
93.070493 45.772258
89.733507 47.430982
86.199994 46.172554
83.865507 46.766549
82.452826 46.987934
80.572351 47.497100
94.766311 58.626686
92.151680 59.055105
89.240191 58.926751
84.704994 48.766647
81.929376 49.112069
80.094582 49.052208
76.713313 48.780507
75.868612 48.730258
74.298049 49.208126
72.697712 49.770606
98.910372 53.619331
91.906999 47.286643
87.720559 47.866944
85.929053 47.714166
83.305494 48.056083
81.491010 47.217974
79.229651 47.821066
77.754651 48.219437
63.980955 53.002064
63.088861 53.362587
60.236653 54.518435
57.701346 55.573627
62.566263 54.040479
59.155135 54.983093
56.739961 56.073490
54.731920 56.832217
61.848980 55.165944
58.909055 56.713471
55.605511 56.469975
53.562672 57.458906
52.187479 57.934923
64.599805 67.077823
56.501944 58.082236
53.858158 58.899163
50.977591 58.483515
50.085005 58.845494
48.736908 59.439083
61.553645 68.589999
58.710513 69.569241
51.609665 60.059801
49.114728 60.971261
47.444201 61.733579
46.792696 60.307680
45.283025 60.965601
59.054654 71.032778
56.956160 70.426663
54.321829 70.491575
46.777252 67.310139
47.151088 64.019003
45.849494 62.391013
44.441818 62.564376
56.539282 72.512462
55.632841 71.300714
52.634986 70.888960
50.401246 70.473073
48.125110 69.942069
45.849757 65.262397
45.360064 63.853900
53.314450 73.648666
52.618288 74.308127
51.908367 72.885088
50.745678 73.151927
49.411498 72.771328
54.279234 73.556777
54.243117 72.154921
52.982629 72.284869
51.291404 71.693202
49.499937 72.005186
48.505646 71.165616
90.603360 59.796362
87.862280 59.903707
86.105882 59.331965
83.384119 59.916141
78.414173 49.803098
74.953935 50.512900
72.422005 51.298011
70.900351 51.671688
70.278234 50.632576
69.358744 50.997378
90.748667 61.029249
87.369479 61.135205
84.812873 60.563293
81.812178 60.862052
79.635535 61.382553
73.320255 60.458475
71.477906 53.146811
70.646250 54.634560
69.833353 53.215331
69.088057 52.317285
68.103923 51.489073
67.085254 51.814297
92.175978 60.881744
85.659980 61.340152
82.634293 62.171562
80.172496 62.885656
77.755951 62.010918
75.966473 61.592757
71.653797 59.791131
69.883261 58.051785
70.202959 56.384796
69.220883 54.518523
67.907417 52.886918
66.676039 52.844819
65.428385 52.488222
89.056214 61.079668
84.115060 61.910912
79.073347 63.379454
78.078051 63.675295
76.322599 63.178066
75.056818 62.653662
73.956524 61.728566
71.502108 61.403480
70.407283 60.858209
68.167719 55.040570
68.040126 53.764683
66.934701 54.869042
65.963988 53.853556
86.640508 62.501268
81.398883 62.622699
77.130452 64.082649
76.009511 64.641497
75.101996 64.342345
74.323187 63.649408
73.424022 62.907230
72.487706 62.010506
71.555108 63.116835
70.839614 62.450661
68.748530 56.056926
68.201279 57.349845
64.947132 54.844211
84.945085 63.367721
80.911798 64.222753
77.299910 65.338235
76.054943 66.064383
74.968763 65.616056
74.007569 64.990303
73.237345 64.313330
72.521773 63.593238
71.389764 64.071045
69.870938 62.979711
69.473027 61.541322
70.027273 59.575651
66.423022 56.256021
82.984050 63.914864
79.155234 65.179274
77.608704 66.695677
76.359994 67.629618
75.145360 66.984221
74.004052 66.151443
73.081264 65.556880
72.135388 64.857471
70.830141 64.889381
70.007058 64.072286
68.619770 63.555917
68.191462 62.141148
68.598342 59.666732
82.815745 74.170454
79.225764 73.039460
75.214805 71.125188
75.999464 69.151755
74.771196 68.111276
73.844956 67.043793
72.554423 66.556767
72.155526 65.837085
71.178010 65.885192
69.790497 65.294682
68.723830 64.898143
67.334982 64.577224
66.284141 65.961256
81.407575 75.416509
80.813622 74.041581
77.009977 72.410447
75.520993 73.412622
74.549238 69.446345
73.329278 67.918011
72.519483 67.609198
71.653885 67.487475
70.869935 66.741625
69.892000 66.345865
68.373458 66.055920
67.372788 66.794605
65.243879 68.565831
80.306599 76.036326
79.736178 74.881011
78.330749 73.945523
76.979959 73.932069
75.842817 74.419909
73.482086 68.856939
72.582303 69.418413
71.612307 69.341345
71.017705 68.192612
69.969889 67.777863
69.143416 67.074598
67.252627 67.961367
63.847435 69.063380
80.011116 77.491618
79.320613 76.401729
78.646213 75.292065
77.528890 75.001066
76.468672 75.599477
75.260090 75.311566
73.976515 70.418597
72.802516 71.125893
70.218655 69.159150
68.963118 69.296814
68.480355 67.929148
62.294618 70.130247
57.588931 71.881619
79.628797 79.527768
78.225218 78.093166
77.685395 77.245400
76.867126 77.165735
76.039569 77.466044
74.392513 76.990419
72.899609 76.977243
72.851019 78.641756
71.640869 79.529604
64.596544 70.336491
79.750626 78.594885
79.006761 77.591867
78.333817 76.415271
77.195681 76.164195
75.540483 76.442670
73.986598 75.668840
73.853975 74.078150
74.969495 72.485881
70.707920 70.610177
67.494490 69.736341
66.314709 68.520567
60.627021 70.495370
55.340124 72.819200
113.930413 66.073514
108.226183 64.858475
105.253916 63.498722
103.490642 62.839962
103.378286 61.857814
102.378156 61.363927
101.572021 60.422102
99.969859 60.812472
98.949962 60.509707
98.111642 59.203477
97.101458 59.300482
95.929504 59.312547
93.753943 59.536187
110.928893 65.867998
105.684784 64.671925
103.863826 64.907810
102.518793 63.345263
101.957925 62.600114
101.257450 62.145012
100.999841 61.225697
99.974203 61.677469
99.003394 61.831705
98.234856 61.453230
97.786613 60.398628
96.234739 60.474493
94.427924 60.971649
112.982185 66.639989
106.815230 64.464217
104.174371 63.500502
102.838489 64.604997
101.869169 64.560551
101.197444 63.548099
100.262843 62.457501
99.128430 63.193137
98.181726 62.841039
97.369352 62.380103
97.133785 61.201111
96.080955 61.864797
95.311892 60.966965
112.029767 67.664400
109.900122 66.409227
104.808686 65.950352
102.817013 66.312714
101.484535 66.215887
101.008854 64.957404
100.127369 63.355566
98.838361 64.891566
98.208035 63.918472
96.866868 64.026779
96.281634 62.951826
94.671002 62.660836
93.317017 60.901388
114.426676 68.705488
107.770853 66.225090
101.468797 67.885571
100.419584 69.770026
99.987025 67.240597
100.047610 66.156683
99.987866 64.218168
99.791268 65.261393
98.652516 66.878680
97.624392 65.093647
95.339879 64.150456
93.237950 62.496615
89.596053 62.248674
108.249431 76.511028
106.264087 74.896147
104.488109 73.352594
103.036173 71.871136
101.645645 70.782426
101.219006 72.211028
99.925616 72.528115
100.059294 71.548323
99.553213 70.556088
99.865761 68.589109
97.189913 66.311622
91.460984 62.517090
88.067292 63.027633
105.874912 76.613604
104.659866 75.095057
103.564489 74.833461
103.049635 73.791061
102.168412 72.927721
100.825920 73.482605
99.527850 73.344302
98.520728 71.994371
98.049636 70.640293
96.615842 71.828429
94.376402 73.059511
90.950848 74.097922
87.472765 74.030982
103.944546 77.066135
103.188733 76.239687
102.516732 75.667307
101.946681 75.017508
101.740090 74.064610
100.251697 74.330972
99.051094 74.205934
98.293007 73.215500
97.265011 73.148959
96.016481 73.407550
94.327398 74.679985
87.255417 75.375922
84.562054 75.017871
104.797770 76.350071
103.500994 78.369213
102.618549 77.422087
101.638741 76.485158
101.068488 75.368704
100.118118 75.146210
99.081233 76.120592
98.798167 75.159130
97.932389 74.717124
97.058122 74.606388
95.539565 74.709879
83.821114 76.507813
82.670145 75.728779
105.074247 78.432962
103.346503 79.889640
102.120015 78.864414
101.652373 77.631399
100.225302 75.973287
99.334847 77.296277
98.276966 77.268323
97.939647 76.136787
96.922275 76.414708
96.220974 75.511922
92.886279 74.760249
82.054358 76.917062
80.975472 77.049136
102.839367 82.992212
102.426670 81.561790
101.798616 80.128723
100.477806 77.622201
100.434895 76.760382
99.595511 78.650146
98.495386 78.578850
97.107895 78.012838
95.722277 77.243178
94.250537 76.260228
85.604165 75.834527
82.067513 78.504090
80.926328 78.550313
100.999882 85.287150
100.928230 80.896821
100.769554 83.503682
99.446115 82.962485
99.362416 84.852637
98.067759 83.963533
85.185245 84.433102
102.709266 85.564090
101.714489 84.091490
100.940792 82.228446
100.620755 79.542375
100.789088 78.562717
100.004604 81.297757
99.354983 80.034914
98.513135 81.552274
97.705315 79.751747
90.327239 75.090968
83.463674 78.139499
82.332137 80.184998
80.886050 79.890294
141.084139 66.618090
129.406574 67.913757
130.028445 70.503403
128.647348 69.369444
127.832039 68.134673
127.371055 69.704377
126.196231 70.407904
125.420252 69.454916
125.143648 68.114148
123.969855 68.566204
121.431405 68.560560
119.275767 69.472957
116.718830 68.182726
133.254053 75.136844
131.626882 73.617982
130.461533 72.409214
129.146031 71.938516
128.585119 70.740018
127.355258 70.827609
126.014405 71.293842
124.960471 70.837366
124.469617 69.867508
123.495300 70.152203
122.576345 69.588216
121.330778 70.430990
115.074416 67.549171
134.223992 76.435566
130.769142 74.795774
129.802059 73.917394
128.917317 73.270550
127.974526 72.847845
127.729636 71.834249
126.610821 72.024124
125.018405 71.960315
124.034983 72.347242
123.921958 71.352610
122.960198 71.539799
122.104765 71.022359
120.459471 69.802517
131.849822 76.579396
129.170445 75.013449
128.186949 74.585011
127.516990 74.094341
126.654682 74.023152
126.851170 73.006142
125.723821 72.579843
124.149331 73.302701
123.091691 73.949481
122.812428 72.920836
121.779955 72.439075
119.455416 71.104546
118.044637 68.714912
131.085039 75.830275
128.186159 75.985955
127.150423 76.197659
126.520370 75.434823
125.744258 76.393787
125.934183 74.516568
125.527914 73.236910
123.774799 74.711182
123.400879 75.886967
122.231078 75.378513
121.493321 74.113271
120.509191 72.326924
117.149172 69.968612
132.927910 77.279475
129.693730 76.289194
127.158525 77.654906
125.784243 77.664455
124.615980 76.747402
125.007166 74.910330
124.950777 73.964198
123.953895 78.933664
124.765497 75.734338
123.403096 77.104426
121.714346 76.902790
118.796514 78.275801
114.619976 78.650731
135.069509 79.152970
128.921977 77.602165
126.859650 79.464422
125.524187 79.070317
124.508099 78.071959
124.058210 79.860888
123.473192 80.748189
122.987815 79.522922
123.067360 78.101314
121.794111 78.351706
120.362983 78.114900
117.714940 79.442171
111.973268 77.821875
129.901282 85.572877
128.497040 83.207994
127.526239 81.909011
126.601070 81.142648
125.606391 80.777034
124.797296 80.396082
123.224933 81.562109
122.362537 80.620160
121.959931 79.556248
121.219303 80.672174
120.792971 79.503558
119.587432 79.803116
116.227032 79.109706
131.078162 86.436723
127.563972 85.053798
125.317233 83.215619
125.463013 82.084916
124.351120 82.714264
124.402103 81.655793
122.794011 82.286356
121.897573 81.642633
121.050554 82.044260
120.064874 81.861329
119.983168 80.854227
118.561161 80.476940
106.967860 77.036389
135.954291 89.605608
126.951069 83.936257
126.402868 83.064422
125.201296 84.406386
124.243682 84.328518
123.678297 83.374388
122.629024 82.794764
121.284962 82.992270
120.170750 83.710598
119.300512 82.750481
118.170710 81.983155
116.688214 80.787127
109.420953 77.257396
137.007631 90.649906
128.724576 85.070172
126.115964 85.119405
124.805163 85.949726
123.711248 86.052034
123.342450 84.697718
122.511232 83.600529
121.307289 84.065685
120.610477 85.070405
119.516177 85.872541
118.789898 84.241060
116.578758 90.005364
103.716599 84.740050
137.691380 96.524803
135.569028 96.558370
122.281820 92.454661
120.713497 91.898524
122.063767 90.137545
121.052310 88.812210
121.837563 86.676982
121.394695 87.527594
120.535922 90.333461
119.068028 91.386149
137.113439 92.388257
133.194132 87.951445
126.122685 86.666792
123.710703 87.521201
122.552744 88.446198
122.652889 85.798350
122.254475 84.575246
121.467710 85.747530
119.980397 87.312670
119.559066 88.917037
118.284403 89.973155
114.445853 89.316832
105.080342 85.873807
