132.147423 65.695917
132.213473 68.132978
132.564469 68.785902
111.384426 59.440551
108.207780 58.499432
64.661602 82.495721
63.776429 82.468758
63.452475 81.690067
63.820554 80.857363
64.763686 81.248300
63.793451 81.146681
58.191659 79.477017
55.013751 77.710782
50.640791 74.106956
50.886518 74.197375
64.293884 82.238734
64.649174 82.745616
64.166492 82.823486
64.375315 82.642836
64.079314 82.508776
64.404683 82.260441
64.064048 82.191696
63.889650 82.036677
62.619725 81.090145
56.509416 78.931148
71.790278 83.359092
64.202735 82.931269
64.444729 82.946324
64.442499 82.864578
64.644158 82.747088
64.156500 82.714051
64.069552 82.437664
62.027020 81.494297
58.685653 80.292331
74.226272 83.479833
71.939914 83.384589
64.641990 82.963845
64.440933 82.974432
64.426755 82.827470
64.650738 82.365461
96.913010 83.379883
95.929432 83.223018
95.523572 82.999679
96.147120 82.488706
96.579037 81.913448
87.893242 83.082725
83.893225 83.458178
80.952240 84.222923
72.094036 82.927048
69.144968 82.672429
66.598919 80.687221
64.072221 82.457534
90.347458 83.264859
89.366306 83.182907
81.659018 84.641106
81.341006 84.765523
81.353337 84.225615
81.020590 84.266087
77.793003 82.796551
70.302366 83.236386
64.293884 82.238734
80.886575 84.486792
80.460909 84.311786
80.315036 83.663997
79.789670 83.738657
71.790278 83.359092
74.226272 83.479833
99.289663 83.481809
98.638717 82.591397
97.279396 82.107857
62.862141 80.450908
59.928800 79.629792
54.424659 76.780764
84.716769 58.479533
81.337380 57.561336
80.849769 57.278705
140.415120 65.965984
137.387775 64.702782
133.636666 63.274680
145.601407 69.757810
141.581101 67.194566
135.361414 65.315565
144.267897 68.463182
141.331605 66.630534
136.095969 64.841731
131.358547 64.238126
130.583615 68.799369
149.291510 73.547425
146.699050 71.024827
141.383252 67.748078
136.145145 66.374943
134.585738 66.837077
135.837315 68.553602
136.583840 69.488161
133.187806 69.324332
150.631609 75.219750
147.352192 72.082403
141.701882 68.550996
138.141309 67.909856
138.401240 69.270890
137.761736 72.032597
133.583908 70.364756
130.049993 69.943086
128.331714 70.981225
154.078120 79.311714
151.840866 76.816408
147.525514 72.917305
142.694130 69.867649
140.900302 69.979303
138.622185 73.307776
134.751872 71.842298
131.885773 70.971172
130.141807 70.722996
129.352839 70.937783
129.156406 71.427244
155.474619 81.154068
152.846138 78.271269
147.862954 73.963179
144.164792 71.746030
140.464484 75.025545
137.406168 74.035545
135.792100 73.876673
135.339003 74.335260
135.554178 75.168372
135.675432 75.777578
135.078852 75.642018
134.093066 75.192990
156.801860 82.948917
153.460687 79.466530
148.501576 75.310354
145.986178 74.261905
141.096112 76.759649
140.537189 77.256212
140.923245 78.314726
141.259924 79.139788
140.751016 79.026351
139.829340 78.567047
136.677479 80.099499
134.313371 78.808046
131.657396 77.456431
155.751026 82.274063
149.482976 77.097220
145.126184 79.666842
145.292036 80.738786
146.034317 82.099341
145.886666 82.319741
145.152731 81.959876
141.965011 83.389584
139.538335 81.952288
136.652964 80.391281
132.754370 78.653702
128.609762 77.051398
126.822300 79.681614
160.116074 87.139634
156.959274 84.135349
150.313951 85.293569
149.994573 85.290387
147.392115 87.071138
145.049419 85.529152
142.211223 83.821567
138.180746 81.844973
133.779306 80.008428
130.207827 78.734270
128.205845 79.193593
127.237836 80.106771
125.697273 80.527326
161.358447 89.003804
150.688304 89.558067
148.173866 87.823952
144.739082 85.767410
139.984677 83.513659
135.962990 81.883558
133.303519 81.141202
132.120674 81.237862
129.813072 80.426649
127.333834 79.903462
126.717767 81.053345
126.183783 80.745159
150.282865 89.465551
143.344666 85.834906
138.280074 83.896285
136.842224 83.947597
133.084133 82.669036
131.539788 82.672548
131.518471 83.481644
132.138739 84.670321
132.051118 84.993187
131.290662 84.686951
153.112739 91.639109
150.996439 90.342976
145.669496 87.560689
136.293828 86.807753
136.950611 87.976860
136.563526 87.940245
135.705952 87.486361
131.876079 88.555667
129.251505 87.134891
152.470932 93.323626
140.557325 90.804597
137.435459 92.190606
134.904222 90.585249
131.625896 88.788203
127.027289 86.876168
124.482977 89.439832
138.447592 93.072706
137.209015 92.325473
134.789716 91.090588
131.724707 89.787015
130.473032 89.400778
117.018558 54.386630
114.813431 53.401515
112.514675 52.425707
129.489561 64.778350
126.643723 64.012358
121.521750 56.709832
119.000628 55.576149
116.170628 54.400108
112.817102 53.213827
109.367399 52.147373
106.073474 51.280380
134.940459 63.360878
132.727189 62.321488
130.444602 61.237577
129.864678 64.453744
129.019910 67.935042
128.286143 70.669886
126.096299 65.931052
124.078474 69.251586
112.127709 54.235105
109.582084 53.559641
107.498518 53.140982
105.875487 52.924915
105.258242 53.826342
130.219309 71.308289
128.670444 70.819487
127.922264 71.323217
127.619904 72.009480
126.941040 72.037454
126.886071 71.823881
125.001441 69.768465
120.900691 68.031671
111.769414 61.323916
114.400867 60.450914
130.802480 64.278909
129.860239 67.419969
128.913646 71.346808
127.771110 71.415025
127.313132 72.174682
127.551679 71.819515
125.548872 67.849754
122.402775 68.590406
113.628487 62.384052
113.134326 57.259937
112.708434 57.468880
111.877687 57.286157
110.727947 56.863883
103.866652 49.103556
102.085857 48.957832
101.952149 50.747978
101.840420 52.252788
101.778161 53.069732
94.052405 47.304463
92.362356 47.204221
112.514675 52.425707
110.091899 51.477042
107.485664 50.578913
104.666999 49.771110
102.455188 50.265002
102.415327 53.597302
102.562312 57.268837
102.084887 59.481081
101.939668 60.332531
101.644231 55.064718
98.378389 56.316995
86.914322 48.344342
86.389215 48.097339
106.073474 51.280380
103.632421 51.499668
103.529337 54.788398
103.978695 58.452389
103.384011 59.968526
102.300340 60.220980
101.761590 60.623172
101.376821 61.077804
101.645734 60.665880
101.520147 56.556178
98.061197 59.440449
87.999543 57.045202
79.933102 51.559583
105.258242 53.826342
105.363202 55.450796
105.428826 56.888474
105.231126 57.882973
104.252657 58.586275
102.706302 59.562998
101.209239 60.607583
100.838339 60.916126
101.403330 61.048540
98.512415 58.571595
93.579536 58.503288
85.468130 57.176658
84.619224 52.405566
105.118878 57.695231
103.744703 59.709228
102.462518 60.549021
101.208958 60.314744
101.249508 61.178172
100.720377 61.021812
100.726509 61.266059
100.535415 61.148109
100.502954 60.954838
94.683245 59.258605
110.727947 56.863883
108.598817 57.855810
106.344800 57.073832
104.209722 57.858202
102.134584 59.393898
101.537350 60.931582
100.949278 61.102873
100.656340 61.053942
100.784625 60.953240
97.533735 59.834249
88.520469 58.161037
83.409965 57.230101
87.023878 54.861712
85.819569 47.958668
85.090326 47.931123
84.200898 47.998188
78.514847 51.519838
78.020971 51.104319
78.612070 50.279665
79.631182 49.367147
79.548476 49.174757
80.955393 52.884508
77.016754 53.427204
73.957445 53.741521
72.696884 53.324534
73.562037 52.111166
75.339128 50.677983
75.508420 50.385799
81.270026 56.589072
81.806173 55.968168
81.334590 55.955612
78.936183 54.399325
74.969343 55.356003
74.924785 59.440994
73.860054 60.756783
72.478009 58.744910
70.340457 54.789402
69.442436 53.181164
85.677954 52.737484
82.911096 53.258882
79.131319 53.985380
73.853524 54.829634
73.525219 57.171269
72.018962 56.330300
70.137544 53.124094
71.847165 51.772536
55.986587 58.054057
49.997671 61.929326
52.709007 59.575809
53.234008 59.072685
50.374337 65.939462
49.285833 64.920979
49.258249 61.267711
50.307837 60.390400
51.759683 64.582623
52.226982 68.552235
51.108844 68.488171
47.571360 63.963996
47.342346 61.749405
54.751646 65.998474
53.130205 66.420148
51.963338 70.242503
52.440257 71.260886
49.248827 67.574578
46.745289 63.910511
52.167805 70.088788
53.253064 68.330097
52.186850 68.420844
51.468790 71.900285
50.959550 72.429196
51.536967 71.374162
48.168342 66.814494
51.579713 73.214241
51.293908 72.714542
51.092408 71.920633
51.011062 72.101675
51.106932 73.082325
51.261590 73.388005
51.017758 72.157452
51.049037 73.431578
50.957407 73.644905
51.175008 73.747614
51.177440 73.694813
50.754156 73.678562
51.443787 73.624225
49.941221 70.580607
53.162106 75.713051
51.166157 73.808390
50.861008 74.065552
51.051143 74.139763
50.895552 73.969363
51.510295 72.780598
50.709992 73.798910
51.088884 74.027353
51.089004 74.034333
50.887976 73.963841
51.563500 73.279385
74.820455 59.942887
75.372708 58.898764
76.948151 57.523203
77.081131 57.237776
75.677150 56.629864
74.831941 60.018559
73.746714 62.660928
73.637409 62.973567
72.332501 59.838918
70.882730 57.063483
76.353790 61.392807
74.152681 62.684621
74.001264 63.032022
73.268895 61.928250
74.130480 60.295539
75.499802 58.671341
73.832976 62.051613
73.626029 63.683334
72.937927 64.007784
72.838706 63.555108
71.273381 58.705174
62.242188 55.305737
81.512542 60.930949
77.817153 61.820238
73.290476 63.191841
72.668252 63.935207
72.877835 64.101658
73.118094 63.951693
73.194302 64.038987
72.735146 64.352713
72.714982 64.468275
72.857559 62.649363
68.525455 59.986886
68.846686 62.097991
59.153685 56.639842
81.208343 64.265179
80.683170 64.308352
77.094966 62.347328
72.783972 63.501754
72.869833 64.630292
72.623892 64.680627
72.784851 64.808947
72.399555 64.699524
72.652082 64.617702
72.447624 62.272292
69.448604 63.092402
65.506306 65.821547
53.745569 59.909551
76.474645 68.459284
76.759504 66.080259
77.268198 65.568754
75.383691 63.068511
72.623155 64.188222
72.914011 65.037162
72.679452 64.992555
72.312716 64.881349
72.655340 64.609896
70.189889 64.797989
65.154567 66.016701
58.941164 67.108694
49.622740 63.440240
79.120563 73.289151
78.316910 73.380253
76.748012 70.607398
74.647353 67.472326
74.254324 66.971773
72.591524 64.861121
72.266823 64.986670
72.827471 65.252381
68.567730 65.646072
66.099108 66.316664
57.968947 67.911789
56.347118 67.009917
52.848395 63.743055
79.621448 71.976367
78.341325 74.141591
78.722974 75.149282
77.960292 74.439133
76.523881 71.299882
75.572339 69.778031
72.313833 65.084251
72.428742 65.154002
65.442219 66.795326
57.913900 68.506696
53.851654 68.350367
56.870919 65.424013
56.257233 63.129746
78.720980 75.208146
78.207491 74.733952
78.494063 75.434686
78.122370 75.685740
78.122155 75.780881
77.795719 75.226138
76.440383 71.679537
66.204504 66.694610
62.873638 67.799486
56.847956 69.300545
51.898568 70.189915
52.373646 69.448978
54.122224 66.569684
77.872902 75.840161
77.821309 75.905444
78.003930 76.020534
77.784783 75.991471
77.800951 75.933427
77.959836 74.609961
74.186955 73.958610
64.161291 70.883935
64.533925 70.490857
60.992123 68.649502
55.916325 70.113980
51.133151 71.635682
52.164936 72.098689
78.076182 75.853202
77.770931 76.092700
77.520804 76.110782
78.113528 76.340048
78.192406 76.133626
75.355249 76.199176
72.852648 76.820280
57.898206 74.963508
60.578977 72.531777
61.502368 71.764005
58.957817 69.550249
54.921235 70.918025
51.436949 72.832008
80.088753 78.669028
77.742105 76.125058
77.862122 76.398430
77.678918 76.280661
73.753448 77.050089
71.723435 77.657482
64.233886 80.297182
62.809567 79.834177
56.909158 77.201233
56.639260 74.593033
58.396236 73.127982
56.813646 70.509265
53.385756 71.793072
92.974938 82.040422
85.434420 83.056226
82.057233 82.036826
71.921690 81.078863
68.721077 79.369963
64.123933 81.578181
64.371189 82.117288
63.552172 81.878775
63.761885 80.004384
62.875773 79.624003
83.252719 83.167966
81.996759 81.674037
77.550206 76.291165
77.661992 76.349559
69.788110 78.653805
63.792695 81.329533
64.585646 81.197294
64.271056 78.933978
63.427713 78.287992
62.308006 79.031605
56.621948 77.494089
55.210964 74.631525
55.487958 74.279022
101.814456 59.595246
101.899732 60.812102
101.160240 60.655888
101.003677 61.047732
100.667868 61.041340
100.642182 61.337707
100.570407 61.390594
100.717009 61.528527
91.739617 59.082272
85.219638 59.059030
82.010647 59.461246
78.678471 59.938502
76.063385 60.237594
107.312100 62.481322
105.852429 61.989238
104.294298 61.481829
102.639117 60.991880
101.223291 60.914955
100.525040 60.931853
100.577274 61.354343
94.933697 59.428339
92.754084 59.314818
90.391407 59.333853
87.846512 59.547887
85.015179 59.943339
81.249898 60.565976
106.753200 65.634875
104.448919 64.828868
102.059924 64.100635
101.541696 65.847139
101.605666 68.200103
101.953295 71.611469
101.605469 70.752843
98.415556 69.378242
89.191459 62.753349
87.947003 62.835826
86.955459 62.880293
85.982387 62.960319
84.361278 60.297455
102.673888 68.009250
103.386851 72.317095
102.670305 73.337990
101.415648 73.593430
101.088776 73.939478
101.343448 74.324621
101.546330 71.718849
98.425262 72.282470
90.211280 71.684834
80.609100 66.382761
79.797641 66.257512
80.101601 65.550552
81.090948 64.565819
102.597020 72.198342
102.361242 73.465047
101.960929 74.155352
101.495226 74.495357
100.827531 74.176925
100.888271 74.156478
101.537193 72.897851
95.921342 73.027281
86.111320 71.536078
82.673132 67.834532
79.403367 68.506435
79.142775 70.222017
78.400738 70.457590
101.510638 73.815651
101.366140 74.287720
101.346447 74.606319
101.041697 74.564756
100.838284 74.472009
100.914186 74.440620
97.245335 73.465333
90.359853 72.393395
82.637848 71.010377
85.268842 69.067049
85.054096 68.159535
81.693998 68.920992
79.865101 71.266739
101.407684 73.558347
101.312050 74.319687
100.949458 74.377829
101.094839 74.815703
100.733319 74.567042
100.894246 74.705943
93.787921 73.012773
84.647663 72.269914
80.162966 72.050030
78.770020 71.920818
80.202646 72.415087
80.416794 71.541581
80.804503 70.578116
105.155051 74.540136
103.123535 74.153361
101.453757 74.160011
100.883732 74.437297
100.861580 74.738105
100.603780 74.496782
91.557794 73.025721
88.640032 73.026215
85.038413 73.091127
80.921220 73.352878
79.075792 74.449983
78.373288 74.921719
78.135276 75.082715
102.241402 78.121065
102.615459 80.328645
102.591223 81.531034
102.557841 82.347959
102.697310 83.553535
99.321553 81.839941
91.926863 76.174438
90.547373 76.159151
88.867270 73.325692
86.234456 73.506244
83.282240 73.846390
79.503774 74.418492
77.734466 75.416356
112.512473 84.500627
114.831911 85.467841
114.705536 86.018257
110.794947 85.195695
102.635500 84.171229
100.020452 84.008708
85.245686 77.884962
85.042823 77.510676
85.181158 77.042689
84.757286 76.899104
83.974186 76.915941
82.515357 74.195156
79.699545 74.778527
118.926710 89.376728
118.367427 88.481556
117.492805 87.193084
107.922915 85.064063
100.354021 84.408871
100.323839 84.800362
100.235056 84.721043
86.702724 80.945081
87.412417 81.122057
85.229604 81.825580
82.949437 81.433194
80.857857 79.208670
80.211150 78.553374
106.665104 85.026349
100.925308 84.695423
100.432717 84.895289
100.642195 84.296679
100.292770 84.223311
99.833995 84.253249
99.805194 83.778177
116.598536 88.372871
114.675039 87.491763
113.323879 86.748119
107.215106 85.066382
100.658691 84.809138
100.459592 84.870080
100.321549 84.779367
100.130306 84.612856
99.874736 84.371954
99.523975 83.549200
94.018543 80.332824
92.953656 81.041952
88.338081 82.285735
132.700690 69.419199
131.340072 70.029650
128.402922 71.452626
127.103669 72.000816
126.795588 72.353494
126.595482 71.974358
123.758894 69.823645
118.193670 66.454266
110.137415 61.182948
107.742280 59.796995
105.643355 59.360243
103.849399 59.073213
103.074661 59.859674
129.662988 70.123521
127.928410 71.776312
127.107672 71.980833
126.618738 71.733741
126.721562 72.385753
126.547646 72.228646
122.358154 69.175559
116.893727 66.037304
112.032046 63.305923
111.367070 63.375854
110.714949 63.440884
109.816557 63.289739
108.644156 62.929104
127.574318 71.615845
127.086748 71.733095
126.977156 72.269989
126.674596 72.183828
126.495260 72.020077
126.460999 72.269435
121.699963 68.904460
118.739358 67.402331
117.414693 66.862898
115.985906 66.270798
113.288794 68.259454
111.158375 67.370382
108.981734 66.493047
129.190460 72.014108
128.777814 72.118326
127.876919 71.791374
127.227651 72.214472
126.808115 72.349715
125.726436 77.661191
122.811687 77.443390
117.696066 70.374362
115.233882 69.348003
112.578638 68.310300
109.603100 67.265449
106.390807 66.282020
103.243968 65.436086
132.902284 74.601021
129.325936 76.000839
126.959018 74.845694
126.094611 77.261883
124.936188 80.931473
124.308373 81.802283
122.264240 79.362141
117.909112 77.722125
108.281735 68.141742
105.708016 67.462764
103.492884 66.983854
104.499254 70.574952
104.276769 72.311296
128.436956 76.007796
126.463003 79.338305
124.975763 81.326223
124.211486 81.420363
124.103265 81.906970
123.851837 81.561452
120.951553 79.463791
116.555381 77.385308
106.840506 72.271627
104.883945 71.302776
104.082476 72.768533
102.746871 73.071291
101.868265 73.346673
125.495342 81.032877
124.812775 81.417380
124.355465 81.552474
124.042710 81.705754
123.974164 81.974951
123.806813 81.813436
123.847059 81.798325
113.626945 76.099504
108.171484 73.827628
106.962702 73.788316
105.632553 73.657283
104.105400 73.453714
102.414363 73.231509
124.789062 81.048936
124.341904 81.333790
123.970514 81.256829
123.976686 81.746299
123.820987 81.809177
123.574098 81.457448
123.769901 81.992930
115.702742 77.382564
114.196111 76.913372
112.557129 76.413970
110.830700 75.923563
109.011733 75.435732
107.116655 74.969035
126.427428 81.514620
126.149903 81.720788
125.282690 81.435162
124.419161 81.390602
124.068262 81.929179
122.897426 87.901426
122.831714 87.851999
114.908681 80.435817
112.572327 79.690637
110.205151 79.020185
107.864428 78.433689
105.566783 77.938360
103.381146 77.530234
130.213402 84.152796
126.606727 85.529077
124.166421 84.375186
123.309140 86.686490
122.436344 91.035553
124.908854 92.469902
122.281697 89.779755
119.488877 90.991035
105.343519 79.316044
104.320340 80.716898
105.024150 82.435718
107.198401 83.128147
109.323303 83.935477
125.974498 85.626179
123.762036 88.943229
126.760712 91.975977
130.103991 93.290249
134.822588 93.192296
126.270456 93.208110
121.731680 91.707518
119.658416 91.371336
119.509920 91.407904
119.549148 91.152787
119.271743 90.998802
119.309657 90.570289
118.942167 90.280991
131.077969 89.839365
131.351013 90.312160
133.036007 91.481639
136.939227 93.770538
136.378055 94.682366
130.442051 94.496058
124.939386 93.069731
119.645574 91.761932
119.742113 91.565366
119.354565 91.168435
125.985031 91.535877
131.399040 92.677988
126.453873 90.076488
129.182379 90.661640
131.706700 91.266831
129.197470 93.970506
123.307155 92.413832
119.604100 91.636267
119.566627 91.555814
119.488180 91.440913
119.376654 91.182849
119.283048 90.531563
118.287721 89.629977
