140.171512 78.195470
138.323347 77.239682
136.476022 76.178622
121.817083 68.939881
117.523621 67.723506
72.599891 79.090320
71.176267 78.728640
69.035937 78.942822
62.364352 71.788767
60.217930 72.748264
57.866667 73.124337
56.126065 73.691077
54.706921 73.742791
52.342242 75.082966
50.534075 74.658985
73.768498 78.596759
69.412572 80.398377
67.941767 80.694714
67.137023 79.799464
61.581695 72.911973
59.389725 73.735855
57.082036 74.061306
55.227745 74.726235
53.734909 75.029492
51.423416 75.884542
70.793511 80.258484
68.399512 81.540566
67.204128 82.391055
66.013451 82.237093
65.915317 80.637800
58.231253 74.519926
56.441046 75.338463
54.767780 75.975256
53.094138 76.386548
69.523391 82.503955
67.597537 83.898144
65.624549 84.141897
64.933813 83.443278
63.616826 83.239502
64.530341 81.506943
92.197128 75.870316
81.650383 79.525311
81.467152 81.587759
80.384747 80.740403
80.137542 79.695466
79.057388 79.465796
78.314746 79.122796
77.458341 79.250315
76.885068 78.455213
76.095893 78.371391
75.404964 76.988099
74.630473 77.975642
81.517033 83.782025
80.328520 82.681319
79.485671 81.674759
78.979127 80.474947
77.559103 80.461211
76.496720 79.695701
75.332004 79.400377
75.387281 77.943971
73.768498 78.596759
78.017200 81.571791
75.963458 80.731534
74.294070 80.195252
72.481714 80.399210
70.793511 80.258484
69.523391 82.503955
84.485195 76.594307
82.020016 77.940348
80.688902 78.661421
63.590337 71.278251
60.804187 71.731359
59.051174 72.508904
98.240985 59.153043
96.961586 58.744862
96.336968 59.592002
146.219601 68.496049
143.691441 67.783284
141.167635 67.057353
145.950414 80.616917
144.083637 79.489796
141.595377 79.017232
148.974504 71.338522
142.462033 78.277087
140.248608 77.067347
138.110072 76.088954
135.611547 75.227930
149.197661 82.877694
147.465142 81.837531
145.312916 81.594632
143.970876 80.587117
142.627821 79.821921
140.298664 79.157074
138.934357 78.176458
136.655925 77.254956
151.105679 84.373104
149.174925 83.978211
147.486464 83.019675
146.110163 82.337563
144.201404 81.586939
142.371517 80.767812
141.085433 80.028596
138.809380 79.516654
137.524295 78.246048
154.163397 86.771332
152.602449 85.727280
150.903271 85.556391
149.589520 84.838377
147.759899 83.950510
146.198179 83.331419
144.580938 82.772545
142.899394 81.651089
141.194904 81.054822
139.541915 80.125710
136.922568 79.164844
155.683148 88.128239
154.272869 88.119178
152.914740 87.128727
151.364420 86.434961
149.778508 85.834220
148.149001 84.933571
146.554493 84.573660
144.813567 83.675915
142.886047 82.657725
140.854146 82.113761
139.094263 80.890082
138.132369 79.354032
157.067902 89.531895
155.678825 89.634149
154.501355 89.311968
153.151527 88.386636
151.875361 87.372356
149.516095 86.907354
148.199944 86.002402
146.274676 85.445789
144.418674 84.399032
143.615497 82.756937
142.011774 81.969991
140.334874 80.821734
137.705869 80.535347
157.781645 91.072697
156.214447 90.880558
154.649739 90.703197
152.800022 89.448703
151.315502 88.395433
150.099086 87.249872
148.748122 86.366242
147.411083 85.398767
145.600145 84.201862
143.252767 84.049514
141.496101 83.277299
139.388930 82.054783
138.021919 81.777070
158.077513 92.706374
156.327971 92.176346
155.070115 91.840746
153.656978 90.066559
152.047786 88.856148
150.762729 87.797482
148.298297 87.564299
146.773153 86.587497
144.969459 85.507323
143.577317 85.420059
142.090279 84.244153
140.108619 83.120691
134.570658 86.592539
156.670305 93.336465
154.952572 93.430428
153.688778 91.596754
151.537416 90.081913
150.231272 89.269872
149.406029 88.539059
147.045504 87.659198
145.417633 86.653117
140.123933 90.070177
138.319243 88.992224
137.061517 88.192465
135.697768 87.559251
153.414247 92.822766
152.610137 90.860241
150.244749 90.427225
148.238879 88.892627
143.113940 92.585923
141.849299 91.701869
140.489475 91.313957
138.753917 90.312439
136.886342 89.810177
135.271867 89.008103
151.725748 91.717746
145.266163 94.753069
144.071962 94.197122
142.909703 94.213257
141.689417 93.523030
140.226840 92.547480
139.022161 91.443082
137.588719 90.317622
135.955330 89.382284
145.339172 96.641824
143.797719 96.169498
142.017714 94.937789
140.844217 93.233111
139.095034 92.626350
137.612357 91.673975
135.637435 90.751456
142.224712 96.368329
140.543809 95.091086
139.327538 94.113285
137.741809 93.129066
136.201091 91.998634
127.784215 58.548995
127.540913 60.358700
126.171958 60.081697
131.361207 60.597127
130.162531 59.304696
129.108172 58.784912
128.780391 60.093475
127.839639 61.392502
126.579784 62.069040
125.721469 63.106164
114.244120 64.423377
131.288775 63.987117
130.267939 63.299104
129.689483 64.400120
130.790554 61.966192
129.341999 62.588824
129.866995 60.815401
128.361564 63.468796
128.846670 61.720551
127.609445 62.786362
126.720212 64.052298
125.728559 65.165096
119.370295 67.883735
116.046658 65.625008
133.132753 74.614232
130.051735 72.919763
128.851690 69.323624
128.542677 68.080920
127.446378 68.387238
126.703336 69.028068
126.413357 69.675839
126.310836 67.994361
125.301497 68.029981
124.752792 68.754596
131.456318 73.450132
129.441790 67.216162
128.850593 66.217594
129.063468 65.157140
127.482496 66.673131
127.932492 64.465676
127.132836 67.426538
127.657299 65.457566
126.667836 65.962046
125.359139 66.787010
123.554979 68.342047
117.812420 66.509468
114.541265 66.559852
103.113982 51.141846
102.469692 50.008833
103.102898 48.810541
102.175539 47.960724
101.540710 46.972837
100.298434 46.686787
98.971458 46.783912
126.171958 60.081697
116.795521 53.932723
114.137114 53.176125
103.482750 52.836584
102.296474 53.219030
101.843387 54.251872
101.639827 52.257862
101.609047 51.064433
101.289149 49.466262
100.543605 50.622499
100.718527 48.220111
99.599680 50.184910
99.965417 49.082935
114.244120 64.423377
111.738962 63.103798
108.898531 62.476925
105.996577 61.902424
102.241694 57.497211
102.041578 55.962549
101.003419 55.089145
100.444617 54.014095
100.436610 52.906365
100.064881 55.582344
100.417671 51.830770
99.427886 53.283214
99.233887 52.064195
116.046658 65.625008
112.648867 64.252664
110.114387 63.273133
107.058679 62.603564
104.288066 60.984902
102.712581 58.753392
101.154418 58.007169
100.964975 56.779457
99.917874 57.598974
100.033317 58.447054
99.961252 56.616450
98.928550 55.878067
99.349024 54.428626
113.662435 67.602742
112.132805 65.419996
110.121620 64.694188
105.594328 63.667181
103.933399 63.150713
103.380735 61.827075
102.426196 60.658434
101.278130 60.230115
100.072767 60.524813
99.003430 59.924559
114.541265 66.559852
111.266051 64.380013
108.738661 64.024675
107.577365 63.766370
104.805933 62.123805
103.454548 60.123885
102.079958 59.611573
101.133692 58.993164
100.408312 59.809320
99.755889 59.322833
99.021866 58.534739
98.814224 57.244874
97.797760 58.114298
99.112058 48.221854
98.278323 49.745630
97.735366 48.438678
98.788434 51.120402
98.022993 53.018683
97.507734 51.201623
87.434791 47.694111
84.840867 46.536503
98.089886 54.849893
97.602982 56.886691
91.307359 58.666605
88.443721 58.222248
85.820250 54.987670
82.692849 48.499373
80.313949 47.392343
94.164262 59.727566
91.572865 59.991685
89.095931 59.814311
86.599651 59.703563
84.742193 59.634302
82.132903 59.866483
79.996160 60.647779
71.509299 55.696113
70.187678 54.002078
69.749323 52.207095
95.312474 58.986361
92.943669 59.260244
89.924450 58.927155
87.553549 59.061490
85.778831 58.602576
83.565555 59.080652
80.038615 50.210022
71.054210 53.264137
66.479709 53.771744
67.459893 56.923162
66.509440 55.650379
65.447892 54.596444
68.011372 59.978184
67.228468 58.636213
66.150239 57.062414
55.271645 56.852732
66.972140 66.069385
64.046263 66.912760
60.733096 67.634086
54.924754 59.707350
52.448397 58.199017
63.913320 68.126236
62.149217 67.599487
59.393574 68.245794
57.837115 68.291993
55.439910 67.818140
49.975202 59.773041
62.506215 68.744051
60.285217 69.060329
58.501392 69.355598
56.925735 69.281441
55.660743 69.314695
54.096040 69.539251
47.516826 61.399742
61.308155 69.300547
59.314164 69.960803
57.304692 70.289931
56.030310 70.470963
54.897451 70.689347
53.550572 70.718214
52.142977 70.596876
60.049212 70.634411
58.178469 70.635229
56.399919 71.332316
55.110163 71.783628
53.938162 71.808329
52.546775 71.845937
50.955564 71.730930
57.701506 71.838084
56.165387 72.534122
53.572482 73.816926
52.430372 73.942192
51.083913 73.909127
58.424638 71.541979
56.874075 72.170077
55.196952 72.839941
53.805506 72.794160
52.343477 72.855602
50.507832 72.899628
90.098440 60.599648
87.877619 60.240853
85.806997 60.386344
83.506209 60.538501
81.334171 61.024570
78.678406 61.949195
71.738122 58.572015
70.669139 56.443942
69.760107 54.960651
68.585713 51.235693
88.922507 61.059275
86.627985 61.328095
84.647253 60.946238
82.522852 61.314884
80.048494 62.033531
77.485706 62.540692
72.353838 60.647137
70.692430 57.912162
69.600228 56.523442
68.777233 53.934992
68.262341 52.709111
67.258651 51.742014
87.875455 61.283431
85.823023 61.640533
84.147536 61.899070
81.184808 62.659624
78.612736 63.467503
76.336873 63.052786
73.274604 61.750286
71.277937 60.158922
70.244347 59.938909
69.393596 57.789397
68.695342 55.461945
67.624294 53.800289
65.969428 52.394146
87.446095 62.182151
85.110536 62.230875
83.174438 62.171474
80.226918 63.095815
77.505179 63.966888
75.314307 62.877181
74.300375 62.360944
72.050789 61.920028
71.044606 62.512656
70.415760 61.083493
69.750391 58.814027
68.525511 56.507057
67.596517 55.142847
86.334270 62.876453
84.207538 63.235790
82.223803 62.539092
76.591693 64.387079
75.103699 64.845828
74.588299 63.851415
73.709553 63.591563
72.893383 62.882476
72.007181 63.426643
71.175290 63.302807
70.701917 61.806076
69.218837 59.492274
68.320843 58.003803
85.494056 63.835523
82.165012 63.989780
79.424103 64.158028
75.780643 64.575671
74.697854 65.483384
73.885932 65.043353
73.208686 64.688027
72.697329 64.038881
71.643783 64.360977
70.475373 63.928240
69.859512 62.893614
69.007449 62.011423
69.049870 60.899942
83.528467 64.214721
80.762266 64.517875
78.056449 65.200479
76.594812 65.777764
75.117600 66.559415
74.072938 66.200254
73.133638 65.851522
72.302131 65.194325
71.301104 65.079281
70.351883 64.882083
69.435183 64.303926
68.700255 63.326907
68.139429 64.617412
84.082681 74.149432
81.267985 74.172498
76.154499 66.858195
75.536873 68.115805
74.490009 67.885031
73.840117 66.967154
72.596631 66.709665
72.236708 65.950375
71.257959 65.917696
69.784575 65.594724
68.924620 65.657182
68.192371 66.219061
65.754805 67.031590
82.454983 74.830025
80.427093 74.891524
77.890932 73.262943
75.286735 72.698267
74.903758 69.429084
73.296904 67.673373
72.465318 67.715699
71.629351 67.580214
71.348360 66.815767
70.462173 66.321340
69.525448 67.333707
67.923879 67.431968
65.122906 68.670082
79.988378 76.164708
79.434723 74.853439
78.813596 74.072429
76.607437 73.140546
75.815770 73.998246
73.465647 68.581124
72.493900 69.132775
71.497163 68.709204
70.585800 68.104516
70.172059 67.056687
68.829946 67.340633
66.148731 68.282022
63.516361 69.129101
79.355598 76.702941
78.792112 75.929926
78.154385 75.335630
77.495165 74.539819
76.823607 75.457355
76.260888 74.804330
73.594840 69.618820
71.882352 70.158270
70.279133 69.197746
68.026881 68.727349
67.089893 67.880074
62.219880 69.890217
60.796649 70.465733
79.479405 78.459946
78.434581 78.161241
77.655908 77.803027
77.183444 77.161921
76.364575 77.108872
74.821202 76.240838
73.766929 75.561306
73.637314 76.861808
72.373215 77.523949
65.239676 70.493504
79.911507 77.651139
78.718303 77.264493
77.962287 76.713896
77.247332 76.153755
75.997557 76.036302
75.055294 75.104523
74.382000 73.863953
74.185843 70.621309
69.131454 69.012857
66.634707 69.584837
64.118145 69.959480
62.069187 70.689356
59.346030 71.205273
113.310068 65.655794
110.425110 65.699131
106.552607 64.115686
103.191738 62.944514
102.152763 62.509523
102.392592 61.585572
101.369288 61.139115
100.155203 61.213532
99.057276 60.831098
98.103690 60.176967
97.265071 60.153614
95.798077 60.587567
93.410226 60.936275
111.881873 66.965201
109.169108 65.114883
104.751487 63.467670
102.529436 63.505078
101.377653 63.147292
101.314704 62.120150
100.535010 62.060837
99.739820 61.799901
98.950583 62.365616
98.640823 61.580578
97.934871 61.299873
96.561852 61.128622
92.320466 60.891065
112.955250 66.776279
111.468067 66.023219
107.964430 64.952428
104.231236 64.682684
102.168816 64.421447
101.232973 64.156029
100.112965 62.794940
99.272468 63.325569
98.321571 63.137578
97.616909 62.475520
97.172254 61.584134
95.221655 61.240006
91.002980 60.959562
112.212396 68.178614
109.538978 66.780998
107.970740 66.243981
103.134932 64.990740
101.948410 65.971764
101.045829 65.324453
100.366428 63.559822
98.939868 64.620173
98.120268 64.123665
97.014640 63.283484
95.962328 62.247112
94.389190 60.999415
89.819105 61.977901
113.413858 68.933859
110.680946 67.661891
105.961962 65.262929
99.976772 67.191111
100.097521 70.710826
100.031369 66.130315
99.989135 64.270251
99.854691 65.168127
98.558714 66.078885
97.297316 64.840713
94.288442 62.477152
92.393081 62.217259
88.803910 62.771675
108.912105 75.744109
106.578846 75.165040
104.582497 74.184329
102.973609 72.636139
101.788032 71.452805
100.967747 72.668311
99.875497 72.499410
100.513437 71.610825
98.956949 71.011807
99.960019 69.596227
95.874397 63.410931
90.826822 62.726080
87.580760 63.574412
107.187703 76.430779
104.836098 75.950463
103.239225 74.750703
103.015278 73.844265
101.905942 73.156003
100.593759 73.664175
99.482963 73.286029
98.703243 72.147770
97.521130 71.922051
96.316966 72.928049
93.591038 73.388090
90.559962 73.109854
87.242623 73.398498
105.706710 76.194253
103.301047 75.862950
102.250582 75.506596
101.824815 74.830611
101.520930 74.068446
100.310950 74.662634
99.603756 74.154405
98.432009 73.292585
97.403331 73.384484
95.387853 73.665422
92.055494 74.076280
88.842991 73.435543
85.712661 74.130607
109.462512 77.035063
104.121358 75.679935
102.713365 76.516424
101.550026 76.259245
100.997353 75.350438
100.110867 75.416317
99.162441 75.479572
98.861141 74.644910
98.111817 74.467989
96.631096 74.607922
90.951527 74.554527
87.733446 74.722051
82.928003 75.784019
108.033941 77.552799
104.501029 77.415042
102.372737 77.419947
101.444981 77.295122
100.448892 76.233225
99.427083 76.559306
98.506892 76.369654
97.878983 75.789606
97.389270 74.853936
94.747816 74.706327
89.688858 74.708303
86.196159 75.109255
81.584395 75.965125
106.073528 77.534123
103.477023 77.645391
102.035470 78.547051
100.668139 78.000065
100.435689 77.061106
99.544058 77.614857
98.358375 77.392481
96.877362 76.209601
95.705042 76.283393
93.449550 74.724699
88.834661 75.398702
84.273746 75.424070
80.816427 76.298647
101.624501 83.770934
100.214673 83.065424
100.025840 81.425226
99.144562 80.195502
97.931130 78.699980
93.947916 75.955790
88.373726 76.661203
103.221480 78.973226
102.145017 80.265449
101.435386 81.634504
100.700390 80.119099
101.140554 79.032062
100.081197 79.070132
99.130068 78.602600
97.082712 77.382676
95.754103 74.983224
90.570514 76.069531
86.412380 76.239879
82.645694 76.910440
80.921052 77.439734
134.162445 75.572559
130.407658 74.385206
129.501374 71.896089
129.105357 70.590365
127.820088 69.776601
126.685463 70.441893
125.807066 70.816063
125.467188 69.757634
124.438345 69.676045
123.074556 69.500994
120.271680 69.373830
119.172193 69.315188
115.995461 67.240503
134.105136 76.842381
131.519988 75.012650
128.946554 73.562506
128.425473 72.410627
128.201429 71.371212
127.454157 70.908078
126.369872 71.508205
125.001425 71.092970
124.282520 70.538484
123.556528 70.881282
121.684394 70.663550
117.491490 68.593300
114.846685 68.056625
135.080822 76.960038
131.523998 75.898965
129.013302 74.471228
128.016125 73.586109
127.416858 72.862674
127.191806 72.026346
125.735658 72.010478
124.726940 72.540371
124.372875 71.821700
123.554797 72.251385
122.806801 71.573949
120.952233 70.248784
116.107629 68.052317
135.222848 77.882884
129.724272 75.180844
128.022297 75.068454
127.243816 74.135214
126.505315 73.762854
126.304894 73.031137
125.786027 72.630098
124.227921 73.559766
123.388138 73.362512
122.344761 72.710999
122.538812 70.622098
117.896839 69.886136
115.018666 69.305763
136.370294 78.358786
132.630209 76.211835
128.566843 76.145626
127.056958 75.252873
125.999580 75.721436
126.000182 74.611388
125.237552 73.509778
123.874902 74.728092
123.199773 75.780941
122.490690 74.122997
121.230647 72.071519
119.500536 70.763876
116.377856 69.707797
135.422444 79.453187
132.965886 77.518797
130.416259 76.481578
126.790085 76.628501
125.129864 76.887755
124.932209 75.242027
125.060763 74.323160
123.882723 78.755360
124.540980 76.128850
124.084506 77.617477
119.977134 78.888736
115.832217 78.152126
112.735967 76.536399
136.424112 80.497617
134.081837 78.777927
126.557850 80.944749
125.586237 79.589227
125.025138 78.328300
124.024075 79.714839
123.421231 80.536641
122.987426 79.339231
122.576454 78.142742
121.372441 78.580787
118.798078 79.315217
113.971811 77.455426
110.987919 76.178095
131.962776 85.403158
129.885209 84.599091
127.597264 82.744095
125.983675 81.986557
125.244915 81.144694
124.625703 80.487511
123.581430 81.314405
122.468642 81.004426
122.322384 80.012852
121.489859 79.899916
120.531889 80.089380
117.673149 79.699200
112.032445 77.787451
133.016017 86.622766
127.717853 84.483388
125.959180 82.892042
124.750934 82.772889
124.518981 81.899814
123.699714 82.399997
122.961451 82.046302
121.998765 82.045280
121.501050 81.461601
120.845668 81.091388
119.660219 80.571091
114.478820 78.469337
110.628850 77.562136
133.274541 87.735017
130.243104 85.890575
126.142848 83.778185
125.131525 83.810378
124.270551 83.890483
123.556299 83.393706
122.631820 82.817185
121.518271 83.175671
120.825380 82.539134
119.993889 81.806478
118.197081 80.624308
116.632536 79.327098
112.860114 78.768917
134.395750 88.139157
131.322927 86.610530
126.921142 84.199652
126.062923 85.226951
124.338692 84.904587
123.173680 84.459957
122.503306 83.658094
121.636830 84.306606
120.657867 84.129605
119.944891 83.316505
118.697854 81.519351
114.153745 79.886437
111.317265 79.229125
134.268054 90.624511
132.274349 88.962883
129.091893 86.511884
123.887802 86.769761
122.761897 87.776391
121.760286 89.587497
121.402945 87.795763
120.203768 90.429568
120.200825 88.513310
120.101554 86.729658
133.645232 89.369585
131.215032 87.801416
128.469059 84.931586
125.115473 85.789948
123.478748 85.625742
122.389668 85.928299
122.253085 84.935236
121.717665 86.619916
121.025478 85.622834
119.796835 84.977049
118.914296 82.790579
115.953398 80.426463
109.554656 78.556265
