slot_id,x,y,angle_deg
s_0,92.475566,127.073654,1.47
s_1,81.972292,130.770147,18.00
s_2,80.902582,122.389279,169.70
s_3,81.011383,126.920031,1.36
s_4,75.766550,126.726860,102.11
s_5,74.098357,128.362810,56.73
s_6,79.164312,130.547920,359.21
s_7,71.259191,128.910081,59.90
s_8,75.296243,122.378013,181.40
s_9,71.949837,126.024380,176.26
s_10,76.549405,129.470144,0.93
s_11,83.525020,127.727009,0.37
s_12,70.305394,125.010697,160.03
s_13,77.774268,128.212696,12.85
s_14,72.252485,127.907079,102.09
s_15,91.021795,128.366462,0.21
s_16,70.776957,130.273938,27.26
s_17,73.151949,125.284639,181.27
s_18,74.003179,126.904988,154.49
s_19,82.608397,126.494436,3.51
s_20,77.538636,130.381683,0.95
s_21,68.522321,124.023010,142.45
s_22,67.886306,128.566821,110.61
s_23,72.249840,122.307212,167.98
s_24,82.301680,129.393105,357.81
s_25,69.809860,126.828220,159.08
s_26,71.117063,127.110724,166.26
s_27,82.675650,122.454936,180.01
s_28,67.536237,126.683337,114.13
s_29,84.752847,130.223704,8.79
s_30,73.842431,130.195205,2.46
s_31,81.336994,128.594364,357.21
s_32,88.531300,127.787440,1.18
s_33,68.939524,129.934259,9.74
s_34,69.498349,123.134312,169.87
s_35,73.760587,122.292441,168.55
s_36,73.905432,123.777399,180.99
s_37,70.449941,122.054747,179.26
s_38,79.031597,128.374994,0.36
s_39,71.090903,123.770132,178.47
s_40,77.238626,126.968931,34.56
s_41,84.544787,128.762750,359.64
s_42,72.202206,123.803961,178.01
s_43,75.276299,130.771541,14.42
s_44,90.114946,126.951362,359.18
s_45,68.656853,125.646866,118.35
s_46,87.519401,126.412536,359.50
s_47,72.473131,130.130776,5.85
s_48,76.814018,122.322174,182.67
s_49,79.243078,126.556811,9.72
s_50,77.123248,123.790619,179.33
s_51,75.455519,128.745971,8.22
s_52,66.706719,129.396533,115.85
s_53,87.099156,129.148145,4.84
s_54,69.146015,128.098548,137.49
s_55,86.380407,127.612982,0.60
s_56,84.979767,126.607924,354.94
s_57,80.060883,128.987040,3.05
s_58,75.118561,124.648022,176.13
s_59,78.773517,122.161986,188.10
s_60,124.705847,119.182958,191.30
s_61,134.149584,118.634361,185.46
s_62,131.978121,122.310990,184.44
s_63,131.023715,114.944503,182.10
s_64,128.552764,119.592035,188.07
s_65,129.110309,113.872013,196.56
s_66,129.176916,118.353569,189.45
s_67,141.589741,122.307202,177.02
s_68,136.653233,115.700625,180.26
s_69,143.386547,115.050609,176.84
s_70,136.031006,118.308408,182.76
s_71,131.123129,116.702687,185.06
s_72,135.067787,116.785948,181.75
s_73,134.786233,121.207623,187.86
s_74,132.465077,117.844248,182.10
s_75,127.383058,113.785553,197.78
s_76,141.189922,114.802589,178.49
s_77,133.552220,116.350280,181.80
s_78,133.535977,113.912174,188.05
s_79,135.712430,120.095078,190.44
s_80,134.909305,114.757440,191.45
s_81,122.979284,115.332534,193.44
s_82,127.048736,118.218892,186.22
s_83,121.865902,116.671815,191.15
s_84,138.053331,120.860945,187.61
s_85,125.655884,118.336835,190.79
s_86,129.260505,120.928314,184.44
s_87,137.548397,122.780309,179.25
s_88,123.607281,117.176806,192.61
s_89,138.428933,118.089991,197.31
s_90,129.615290,116.809046,187.68
s_91,132.478294,115.400492,188.25
s_92,131.252233,113.491358,191.58
s_93,145.643228,114.476799,256.80
s_94,128.970472,115.409502,190.18
s_95,133.753643,122.325870,183.18
s_96,133.108947,119.849438,185.70
s_97,125.528175,116.614600,190.73
s_98,137.879903,116.533815,175.68
s_99,135.803000,122.749259,185.67
s_100,140.751196,116.632040,198.72
s_101,127.918713,116.935262,189.24
s_102,139.023923,114.896391,191.31
s_103,125.022747,114.851631,192.29
s_104,130.690006,120.714307,186.29
s_105,127.116519,120.663151,184.19
s_106,131.939141,120.376563,184.51
s_107,146.136187,115.792149,263.20
s_108,130.847818,118.642893,184.82
s_109,144.840766,116.646690,253.49
s_110,129.440984,122.286086,181.11
s_111,136.758556,114.195857,194.17
s_112,139.471221,122.783987,168.45
s_113,126.869317,115.464060,190.19
s_114,136.017448,127.270525,175.16
s_115,125.455442,129.071939,188.26
s_116,127.861864,125.520694,190.43
s_117,134.807223,131.979308,181.42
s_118,127.521878,131.820533,182.85
s_119,122.875387,124.262325,192.31
s_120,138.025252,126.788486,178.14
s_121,143.916844,132.306063,185.34
s_122,141.502449,132.427195,185.10
s_123,128.070701,127.476454,185.73
s_124,121.054729,124.341721,190.39
s_125,124.325432,124.900281,192.30
s_126,124.779428,126.837739,192.36
s_127,146.744290,127.518863,255.94
s_128,132.245512,128.706455,185.20
s_129,136.355089,131.020505,187.35
s_130,136.431411,132.955920,182.93
s_131,123.647638,128.099941,191.63
s_132,138.513690,132.992216,179.87
s_133,134.654057,128.162788,181.85
s_134,130.017263,124.154896,190.20
s_135,121.599813,128.479741,194.87
s_136,133.817699,124.489220,190.94
s_137,146.503123,125.738610,254.73
s_138,138.009942,125.091660,187.70
s_139,135.339716,124.675165,182.80
s_140,138.689645,131.290102,185.53
s_141,122.908855,126.368418,190.76
s_142,129.667788,130.954992,183.65
s_143,144.417494,124.981447,194.41
s_144,130.667232,125.541915,185.24
s_145,126.031748,125.097998,191.08
s_146,123.772510,129.754132,185.94
s_147,139.395887,127.746150,194.94
s_148,128.178903,130.663903,188.85
s_149,132.734768,125.829047,183.22
s_150,128.829770,129.124891,189.32
s_151,130.268803,128.371056,184.33
s_152,121.177790,126.613909,191.32
s_153,134.654278,129.797456,182.27
s_154,132.218590,132.343476,187.47
s_155,140.217388,125.132195,167.08
s_156,142.197692,125.372513,164.17
s_157,128.223980,123.873433,191.67
s_158,129.279526,126.556146,185.78
s_159,132.996911,130.238194,187.26
s_160,119.972426,125.252255,193.81
s_161,126.527449,123.299540,195.92
s_162,133.314159,127.167885,183.99
s_163,132.015985,124.259128,187.06
s_164,131.049380,130.190518,181.89
s_165,131.212058,127.069189,183.67
s_166,133.448741,132.080658,187.32
s_167,126.361685,126.950726,190.05
s_168,125.780441,131.023261,197.90
s_169,130.696638,132.310326,193.11
s_170,126.989534,128.829218,185.26
s_171,146.776380,124.467681,257.74
s_172,136.146312,125.673095,178.53
s_173,128.809217,136.653226,189.54
s_174,125.695364,133.243122,187.67
s_175,147.004371,136.752737,277.95
s_176,134.255692,134.477580,179.64
s_177,141.267773,140.235554,4.70
s_178,126.032089,134.682361,189.53
s_179,135.355401,135.409262,189.96
s_180,144.744715,138.064521,340.30
s_181,139.484635,135.215421,185.13
s_182,136.254297,138.260395,179.76
s_183,128.287717,133.814311,183.34
s_184,148.456119,136.081194,264.25
s_185,139.282973,142.380910,7.55
s_186,133.693172,136.592391,185.15
s_187,123.504443,134.391592,189.87
s_188,142.486298,141.010489,2.14
s_189,148.860692,140.468445,278.56
s_190,138.807718,137.758339,200.43
s_191,148.886797,138.263413,261.85
s_192,144.998191,142.615932,358.92
s_193,143.488823,136.064711,186.46
s_194,147.233630,138.375734,324.76
s_195,146.917015,139.693139,350.96
s_196,123.491185,136.056607,190.10
s_197,121.225363,135.290002,192.77
s_198,131.821984,136.457890,181.67
s_199,149.020174,142.596731,8.64
s_200,137.514023,135.024977,185.27
s_201,143.475521,139.627523,4.74
s_202,140.596100,143.039686,8.42
s_203,132.210277,137.773577,184.11
s_204,127.474546,135.915641,189.25
s_205,135.718116,142.513473,15.01
s_206,137.802488,142.319932,10.23
s_207,146.277448,141.018853,4.04
s_208,134.269764,138.089759,182.71
s_209,141.325189,135.177614,180.26
s_210,129.664720,134.713540,194.88
s_211,131.946528,135.255990,186.12
s_212,143.208990,143.402081,10.51
s_213,130.300233,137.237594,189.94
s_214,141.055767,136.868289,205.42
s_215,142.747226,142.204522,1.55
s_216,142.565504,137.855014,291.03
s_217,145.041204,136.535185,239.37
s_218,137.665156,136.868331,184.69
s_219,135.985844,136.671870,179.56
s_220,139.487193,140.125404,11.51
s_221,125.636597,136.343830,183.82
s_222,143.412610,134.560296,189.01
s_223,140.336224,138.477342,207.18
s_224,147.797378,134.490187,242.22
s_225,145.873444,134.970668,234.41
s_226,145.126420,139.928994,5.94
s_227,146.895237,142.699025,357.62
s_228,131.569945,134.128963,190.72
s_229,120.112162,116.614759,194.18
s_230,116.254469,116.936456,202.71
s_231,116.863365,108.967726,218.19
s_232,106.484196,111.355216,201.27
s_233,109.143844,115.147955,187.22
s_234,116.353957,110.326482,200.26
s_235,123.163697,111.812606,207.47
s_236,117.965600,110.843773,201.83
s_237,121.585404,110.503272,208.74
s_238,112.065780,112.829958,203.68
s_239,124.644214,112.481758,203.93
s_240,116.349921,111.979552,199.89
s_241,112.471554,107.294658,215.49
s_242,118.064090,112.446652,200.17
s_243,108.931834,110.046257,202.50
s_244,114.989189,108.431556,209.72
s_245,110.582593,113.173300,207.50
s_246,114.350527,114.726970,201.11
s_247,108.214202,111.744135,200.81
s_248,118.089554,117.212221,202.56
s_249,118.713399,116.002741,200.01
s_250,112.955988,111.498642,204.25
s_251,124.981889,120.800945,182.36
s_252,123.172239,119.006217,201.92
s_253,119.337470,109.811752,208.30
s_254,122.381050,120.091593,199.41
s_255,117.087562,113.745634,200.44
s_256,111.895870,114.432538,198.25
s_257,114.816727,111.716268,201.54
s_258,118.869953,114.406063,197.79
s_259,115.263652,117.720333,201.51
s_260,109.208305,108.132617,207.88
s_261,115.333032,113.460897,204.98
s_262,119.208531,118.812350,199.02
s_263,119.811460,111.361683,197.11
s_264,121.617860,113.676860,199.68
s_265,113.670849,113.073570,200.57
s_266,121.357336,112.102638,197.53
s_267,120.782320,119.672935,195.60
s_268,110.496460,109.490222,205.13
s_269,113.351022,115.401413,208.29
s_270,120.828914,118.103913,199.69
s_271,109.923819,111.671797,202.61
s_272,107.186720,109.779346,202.30
s_273,109.956423,114.249806,200.67
s_274,107.088187,108.279126,199.82
s_275,120.719294,115.045836,196.74
s_276,126.399998,112.719749,206.62
s_277,113.798066,116.959819,202.40
s_278,115.664046,115.304946,199.86
s_279,113.141732,109.534018,204.08
s_280,119.722773,113.098998,197.03
s_281,117.142750,115.364412,201.68
s_282,117.401910,118.388559,189.70
s_283,123.645661,113.829234,192.74
s_284,112.069677,108.686393,203.54
s_285,111.953893,116.122404,207.60
s_286,111.495569,110.925330,202.19
s_287,114.329603,110.312668,204.47
s_288,120.506485,121.663223,191.50
s_289,103.751503,118.060783,202.53
s_290,112.984122,118.744536,193.66
s_291,109.043543,122.877023,201.61
s_292,106.309667,117.365850,207.12
s_293,118.726512,120.660860,197.39
s_294,111.008664,126.411541,203.45
s_295,116.023181,126.707671,196.67
s_296,111.653345,119.814349,204.58
s_297,110.886419,122.924452,202.72
s_298,114.715939,121.934098,198.00
s_299,110.417513,124.492518,200.38
s_300,118.379197,122.076944,196.12
s_301,112.082157,124.133625,199.34
s_302,124.586530,122.876568,201.47
s_303,118.995509,127.865737,198.70
s_304,107.344116,119.506031,203.41
s_305,108.297493,121.140356,201.08
s_306,120.410304,129.661289,189.44
s_307,116.976199,125.537837,194.23
s_308,115.528505,123.316416,197.89
s_309,118.225334,128.848368,193.02
s_310,113.093701,122.771720,198.51
s_311,111.230211,118.012657,210.39
s_312,114.185099,128.135430,197.63
s_313,114.501810,119.312841,204.93
s_314,113.821369,125.681886,202.60
s_315,119.295612,126.646098,200.62
s_316,122.631421,130.668333,196.99
s_317,122.691297,121.920591,203.64
s_318,111.556294,121.440285,201.77
s_319,113.058269,121.059545,200.48
s_320,116.828287,120.008913,209.67
s_321,105.693955,118.854708,202.07
s_322,116.862565,128.685888,200.20
s_323,108.949703,118.625360,199.44
s_324,109.454670,117.113190,199.02
s_325,119.256915,123.317243,196.93
s_326,106.187693,121.115966,202.34
s_327,121.636245,122.991295,192.11
s_328,113.996846,124.000324,198.98
s_329,104.267601,120.131702,200.72
s_330,116.629946,121.526410,192.30
s_331,109.282146,125.693156,209.04
s_332,117.070922,123.313614,192.94
s_333,108.083022,123.817006,200.03
s_334,112.403510,125.854935,206.30
s_335,118.350553,124.879618,193.72
s_336,115.285038,127.682643,195.71
s_337,115.357657,125.062715,199.53
s_338,109.854149,119.793416,199.54
s_339,106.684920,123.765602,196.71
s_340,114.932148,120.508874,201.47
s_341,110.010729,121.490652,201.95
s_342,112.798584,127.420758,196.73
s_343,110.830742,129.913103,198.69
s_344,127.959405,140.441284,13.89
s_345,109.338586,132.009381,199.12
s_346,122.198369,138.265163,16.51
s_347,109.670915,128.143225,210.71
s_348,129.545837,140.843489,11.13
s_349,132.939518,139.099592,8.70
s_350,113.103848,130.317778,201.77
s_351,124.653538,139.872181,5.53
s_352,106.578399,128.612858,200.90
s_353,135.338343,139.830410,8.09
s_354,133.526327,140.388284,9.91
s_355,116.374096,130.644370,191.14
s_356,131.375262,139.535994,8.37
s_357,112.084228,128.998200,203.91
s_358,129.716669,142.515510,8.18
s_359,137.111942,139.623504,8.65
s_360,110.816786,131.390374,195.36
s_361,124.831439,141.129324,19.23
s_362,131.385875,141.176559,5.90
s_363,125.999648,141.749143,14.23
s_364,115.311362,133.233375,195.44
s_365,107.953848,129.109695,204.48
s_366,121.641779,140.078985,20.39
s_367,122.606830,141.251425,16.72
s_368,108.956105,130.267476,201.54
s_369,126.822015,138.951152,13.97
s_370,123.244254,132.836205,194.79
s_371,113.026960,131.788820,198.72
s_372,118.005117,131.290465,203.89
s_373,120.445765,133.909695,190.41
s_374,130.005318,138.646432,9.84
s_375,123.697943,138.810640,14.09
s_376,121.112143,136.980377,128.45
s_377,120.288978,132.601381,198.76
s_378,128.466765,138.756243,8.68
s_379,105.512481,129.724426,205.70
s_380,125.408164,138.012311,15.37
s_381,119.732980,139.845422,32.08
s_382,116.315440,134.445788,195.37
s_383,107.358109,130.939847,200.90
s_384,119.724621,131.452661,199.35
s_385,115.630192,131.897228,196.68
s_386,137.346313,140.942364,10.28
s_387,118.412545,134.827364,191.88
s_388,111.450531,132.993489,196.93
s_389,132.177849,142.614423,6.30
s_390,113.544692,133.375118,194.88
s_391,127.557830,142.141798,8.11
s_392,114.872611,130.049994,191.72
s_393,134.231759,141.694659,9.18
s_394,117.841273,133.106267,193.37
s_395,93.487580,102.401500,199.04
s_396,99.081829,107.840559,198.87
s_397,102.852039,105.227703,201.04
s_398,89.701182,106.030365,185.70
s_399,104.963535,113.011049,190.05
s_400,91.567024,108.324224,186.10
s_401,105.218549,108.139108,206.74
s_402,106.107395,104.749371,204.73
s_403,99.498469,104.337537,195.82
s_404,98.010290,103.767677,199.52
s_405,98.478566,109.155737,196.28
s_406,104.768318,106.010565,203.65
s_407,90.833084,109.396820,182.27
s_408,100.708452,105.105060,199.76
s_409,91.574795,104.848771,190.93
s_410,91.382061,106.630327,188.03
s_411,110.629056,106.706253,214.59
s_412,95.840102,103.763833,193.14
s_413,102.390019,103.531746,204.37
s_414,95.016112,110.518697,185.98
s_415,101.139623,108.133799,200.09
s_416,108.036589,113.487099,199.60
s_417,97.156741,102.315874,201.52
s_418,97.065915,108.649260,200.95
s_419,93.254439,105.534482,190.09
s_420,93.916699,103.820356,188.45
s_421,90.074674,104.103029,186.88
s_422,107.697166,105.149756,200.97
s_423,94.877261,108.853079,196.79
s_424,86.210501,104.188379,182.14
s_425,104.400046,104.043946,199.00
s_426,96.580015,110.030197,190.85
s_427,86.321086,106.145809,181.46
s_428,108.893607,106.155584,205.38
s_429,96.113678,107.259067,195.36
s_430,95.128166,105.484881,193.19
s_431,101.726660,111.756933,199.62
s_432,101.796629,106.567709,199.94
s_433,104.768859,111.293114,205.75
s_434,103.331549,112.113298,201.93
s_435,91.679799,102.352766,188.93
s_436,94.303931,107.147951,192.10
s_437,102.004376,110.065650,199.95
s_438,89.360672,109.749630,179.16
s_439,99.841645,111.202235,204.40
s_440,88.770022,107.551682,185.98
s_441,93.122308,110.108326,196.02
s_442,92.926627,107.805914,188.58
s_443,103.039557,108.911815,202.49
s_444,96.966153,105.377790,195.04
s_445,103.552111,107.273085,199.92
s_446,98.115976,106.471598,198.16
s_447,100.210852,109.600359,201.10
s_448,107.051389,106.859499,201.74
s_449,99.939857,106.566497,200.91
s_450,87.151794,107.586473,183.95
s_451,106.587035,113.690759,208.77
s_452,97.851723,111.112726,191.92
s_453,104.813114,109.757759,205.55
s_454,100.341826,102.809993,191.72
s_455,87.891016,104.940007,185.88
s_456,96.137921,112.759014,197.59
s_457,84.987450,118.174806,182.81
s_458,85.904786,116.513450,182.94
s_459,103.509207,116.394566,200.94
s_460,95.340169,114.712222,199.55
s_461,93.528242,118.888034,190.08
s_462,99.023763,115.055973,199.81
s_463,99.086806,120.090892,208.35
s_464,99.647129,113.322732,194.22
s_465,104.951358,115.243893,208.05
s_466,105.256379,122.535381,202.91
s_467,94.528548,112.802501,195.42
s_468,95.462745,120.345381,194.32
s_469,107.145953,116.031617,201.00
s_470,91.369491,117.602766,193.10
s_471,93.365647,120.324198,186.94
s_472,96.619225,118.388737,198.16
s_473,91.422636,119.070739,185.35
s_474,86.216134,119.897681,179.53
s_475,101.707832,117.319038,202.79
s_476,88.287745,117.167762,185.11
s_477,84.135842,115.709563,183.43
s_478,85.564342,113.349756,184.67
s_479,85.855585,114.796997,183.20
s_480,93.299930,117.339233,195.32
s_481,103.047306,114.616408,191.64
s_482,82.527130,114.880955,181.36
s_483,89.917428,114.240412,188.81
s_484,86.950534,118.118740,179.01
s_485,88.505513,114.075869,185.97
s_486,97.749083,113.150570,202.66
s_487,92.110383,116.050182,190.47
s_488,101.392676,113.906536,204.65
s_489,97.155879,120.468914,199.11
s_490,97.898442,116.604712,199.70
s_491,97.240830,114.754542,192.99
s_492,82.291876,118.502418,175.27
s_493,102.188399,119.401669,204.21
s_494,104.339455,123.755543,206.74
s_495,87.741077,115.593316,184.44
s_496,89.721995,112.033611,180.62
s_497,100.829850,115.579259,204.21
s_498,98.823889,121.627924,195.81
s_499,102.212316,122.881038,208.52
s_500,98.302821,118.417402,202.82
s_501,100.325492,118.860370,200.73
s_502,90.710012,120.287577,175.23
s_503,89.962846,116.414215,191.32
s_504,83.120145,117.185011,180.14
s_505,88.353040,119.901604,177.67
s_506,99.773664,117.085021,202.15
s_507,81.234453,116.638595,178.12
s_508,94.040440,115.934099,194.17
s_509,95.023847,118.248150,195.76
s_510,93.033130,112.489902,190.86
s_511,91.488976,112.315713,179.90
s_512,93.340801,114.355615,192.24
s_513,87.541133,112.952289,186.15
s_514,102.912368,121.378271,206.19
s_515,100.791907,121.066915,199.76
s_516,91.340257,114.591389,193.42
s_517,89.401071,118.619678,187.92
s_518,96.051305,116.491457,197.91
s_519,94.710920,127.588536,359.74
s_520,106.396284,133.896340,26.38
s_521,76.853934,125.307544,178.95
s_522,101.125129,128.938089,16.75
s_523,100.839810,131.252714,21.58
s_524,92.453196,125.183882,192.71
s_525,116.627343,137.632710,20.38
s_526,100.279475,124.746343,209.72
s_527,87.741166,123.592135,183.81
s_528,78.933220,123.694348,181.57
s_529,115.832769,136.313522,19.71
s_530,96.087474,130.825336,19.91
s_531,92.150401,129.913466,349.50
s_532,114.138485,136.345468,24.64
s_533,101.839951,127.466367,204.29
s_534,91.978463,123.642939,195.03
s_535,101.866797,133.504330,30.41
s_536,110.369881,134.290907,23.57
s_537,96.552156,128.552125,3.36
s_538,106.521456,135.323646,36.68
s_539,119.533603,137.981584,22.99
s_540,93.754261,130.719218,13.24
s_541,91.346681,122.086509,195.57
s_542,101.771363,132.144738,23.59
s_543,97.752017,127.567888,6.84
s_544,97.736625,131.603959,11.95
s_545,107.543549,132.798161,22.84
s_546,114.924180,138.687938,27.33
s_547,108.523500,135.969540,30.00
s_548,105.441894,127.619309,196.57
s_549,103.560046,128.321710,210.05
s_550,104.664070,126.143904,194.78
s_551,113.156572,135.136893,26.97
s_552,109.023584,133.445895,27.10
s_553,84.548292,122.447818,183.13
s_554,89.941996,123.625819,185.94
s_555,99.388671,128.396478,10.96
s_556,79.471363,124.957230,176.90
s_557,95.447772,122.365471,207.34
s_558,97.316680,123.233175,195.51
s_559,101.938698,125.781177,210.79
s_560,107.278866,126.733959,202.23
s_561,86.221845,125.166314,185.13
s_562,90.127446,129.997678,358.65
s_563,94.909877,129.431724,4.28
s_564,104.880947,132.741620,24.29
s_565,94.782201,123.734129,197.37
s_566,106.319971,131.634490,26.37
s_567,85.702773,123.643743,180.78
s_568,98.916418,123.876274,204.19
s_569,82.671345,124.326025,180.56
s_570,98.117337,129.814249,11.47
s_571,104.780713,130.593894,22.60
s_572,88.299333,125.197657,183.93
s_573,118.294626,136.586442,24.71
s_574,96.383958,125.154174,204.53
s_575,89.174090,122.066387,179.27
s_576,81.093338,124.941579,180.54
s_577,93.425027,122.312496,188.45
s_578,103.517078,131.527382,18.77
s_579,111.226667,135.431910,21.23
s_580,86.897158,122.015475,188.78
s_581,112.785735,137.803675,14.67
s_582,90.306587,125.328019,191.95
s_583,110.937173,136.989328,29.63
s_584,94.442323,125.263024,198.11
s_585,84.155899,124.990975,181.81
s_586,103.669608,134.113243,29.68
s_587,117.362625,139.148794,16.23
s_588,102.723709,129.885165,20.71
s_589,87.985959,130.308756,2.08
s_590,97.981661,125.876370,218.19
s_591,99.923637,130.268451,16.50
s_592,99.288124,132.543567,23.33
s_593,99.708547,126.631305,209.45
s_594,76.285802,106.771445,148.97
s_595,84.964704,110.348489,183.37
s_596,81.656534,104.570250,175.79
s_597,82.629763,105.688718,181.41
s_598,79.696764,111.026189,167.93
s_599,75.914112,108.547889,151.23
s_600,83.513514,108.739742,180.09
s_601,75.969258,111.528185,157.91
s_602,82.754494,103.993290,184.06
s_603,81.495029,109.894851,175.01
s_604,78.727242,110.102084,164.46
s_605,80.644701,102.387657,180.01
s_606,85.009604,108.666775,183.07
s_607,81.600535,106.370880,178.58
s_608,75.464935,110.004750,154.47
s_609,80.572768,106.754724,168.07
s_610,79.369424,107.849295,167.36
s_611,74.412590,110.945164,157.31
s_612,84.932720,102.055734,185.97
s_613,79.127578,103.718829,129.37
s_614,76.995430,106.980313,141.21
s_615,80.929403,110.775098,173.67
s_616,83.181890,110.549750,174.02
s_617,77.402338,111.501477,144.28
s_618,81.749628,107.546180,179.39
s_619,78.006797,110.649519,159.63
s_620,78.122106,109.064320,163.16
s_621,78.761092,108.382221,158.78
s_622,72.925051,112.133473,151.09
s_623,86.520506,108.797881,178.82
s_624,80.083872,109.027536,175.22
s_625,76.974202,108.116728,141.21
s_626,79.529311,101.954486,182.66
s_627,84.296715,104.270834,179.00
s_628,80.487820,104.485660,173.35
s_629,82.316075,109.053692,184.55
s_630,88.003535,102.187600,184.92
s_631,86.292982,102.474277,184.60
s_632,82.035118,101.959961,189.93
s_633,78.186941,106.345982,146.75
s_634,89.670720,102.438032,184.67
s_635,76.728394,109.680987,146.06
s_636,77.421159,109.403268,156.28
s_637,78.190527,104.631745,134.51
s_638,74.035490,110.511669,152.93
s_639,79.162822,106.304515,160.55
s_640,79.340511,109.479211,167.79
s_641,83.295595,107.236762,180.37
s_642,84.591940,106.147518,179.72
s_643,80.302687,107.856828,171.92
s_644,78.014825,107.511193,152.98
s_645,75.498336,108.171030,137.86
s_646,79.899922,105.495205,167.04
s_647,83.477994,102.159856,188.66
s_648,87.138930,110.398502,164.72
s_649,76.271052,110.220873,155.68
s_650,80.957452,108.496760,175.90
s_651,74.680082,109.869829,151.30
s_652,77.202494,105.517119,156.40
s_653,79.910175,115.587386,181.39
s_654,74.663393,112.801590,180.07
s_655,76.164624,116.221697,175.47
s_656,84.563330,112.415008,169.18
s_657,76.760637,113.271296,170.33
s_658,72.247929,118.986323,143.49
s_659,73.196942,119.817734,167.30
s_660,74.999298,116.483581,174.06
s_661,74.280281,117.865873,169.88
s_662,76.964444,120.218385,180.19
s_663,73.642827,116.975265,162.53
s_664,70.066287,120.025821,157.81
s_665,79.137541,114.124958,179.32
s_666,78.387364,118.710978,186.21
s_667,81.652440,119.842411,173.45
s_668,76.861671,115.396659,179.70
s_669,74.325385,119.561408,171.84
s_670,69.677049,120.251467,162.53
s_671,71.503128,115.330003,149.77
s_672,71.162243,119.516951,142.94
s_673,70.325026,118.449768,139.62
s_674,82.742325,112.474494,174.15
s_675,70.918242,120.246480,139.06
s_676,70.895813,118.105218,138.74
s_677,78.694320,112.507296,184.95
s_678,74.963046,117.256603,180.06
s_679,77.347178,117.459421,180.18
s_680,73.267701,115.783935,160.23
s_681,72.872638,118.624537,169.90
s_682,78.477487,116.308186,178.23
s_683,76.149032,117.488906,179.91
s_684,74.957569,118.794434,178.27
s_685,84.003449,120.005727,184.77
s_686,75.156867,114.210079,178.35
s_687,74.364081,115.398190,171.37
s_688,77.556283,114.149743,174.63
s_689,71.724204,117.239985,139.90
s_690,71.873451,121.272779,149.97
s_691,76.043103,112.467560,166.37
s_692,78.360929,120.219436,182.49
s_693,70.863818,117.058906,160.13
s_694,73.682791,113.300912,161.70
s_695,80.715166,112.516591,175.94
s_696,74.443836,120.764159,152.63
s_697,73.744038,118.518548,155.60
s_698,75.696025,120.401114,180.03
s_699,80.131178,120.228719,179.29
s_700,72.349546,116.337622,143.72
s_701,69.451046,120.753679,153.98
s_702,73.033794,120.782798,153.67
s_703,72.745272,114.286676,149.56
s_704,72.532593,117.668599,155.45
s_705,79.813058,117.978202,181.81
s_706,81.180358,114.033540,178.00
s_707,76.228755,118.848443,177.25
s_708,71.719611,119.313357,160.43
