92.475566 127.073654
81.972292 130.770147
80.902582 122.389279
81.011383 126.920031
75.766550 126.726860
74.098357 128.362810
79.164312 130.547920
71.259191 128.910081
75.296243 122.378013
71.949837 126.024380
76.549405 129.470144
83.525020 127.727009
70.305394 125.010697
77.774268 128.212696
72.252485 127.907079
91.021795 128.366462
70.776957 130.273938
73.151949 125.284639
74.003179 126.904988
82.608397 126.494436
77.538636 130.381683
68.522321 124.023010
67.886306 128.566821
72.249840 122.307212
82.301680 129.393105
69.809860 126.828220
71.117063 127.110724
82.675650 122.454936
67.536237 126.683337
84.752847 130.223704
73.842431 130.195205
81.336994 128.594364
88.531300 127.787440
68.939524 129.934259
69.498349 123.134312
73.760587 122.292441
73.905432 123.777399
70.449941 122.054747
79.031597 128.374994
71.090903 123.770132
77.238626 126.968931
84.544787 128.762750
72.202206 123.803961
75.276299 130.771541
90.114946 126.951362
68.656853 125.646866
87.519401 126.412536
72.473131 130.130776
76.814018 122.322174
79.243078 126.556811
77.123248 123.790619
75.455519 128.745971
66.706719 129.396533
87.099156 129.148145
69.146015 128.098548
86.380407 127.612982
84.979767 126.607924
80.060883 128.987040
75.118561 124.648022
78.773517 122.161986
124.705847 119.182958
134.149584 118.634361
131.978121 122.310990
131.023715 114.944503
128.552764 119.592035
129.110309 113.872013
129.176916 118.353569
141.589741 122.307202
136.653233 115.700625
143.386547 115.050609
136.031006 118.308408
131.123129 116.702687
135.067787 116.785948
134.786233 121.207623
132.465077 117.844248
127.383058 113.785553
141.189922 114.802589
133.552220 116.350280
133.535977 113.912174
135.712430 120.095078
134.909305 114.757440
122.979284 115.332534
127.048736 118.218892
121.865902 116.671815
138.053331 120.860945
125.655884 118.336835
129.260505 120.928314
137.548397 122.780309
123.607281 117.176806
138.428933 118.089991
129.615290 116.809046
132.478294 115.400492
131.252233 113.491358
145.643228 114.476799
128.970472 115.409502
133.753643 122.325870
133.108947 119.849438
125.528175 116.614600
137.879903 116.533815
135.803000 122.749259
140.751196 116.632040
127.918713 116.935262
139.023923 114.896391
125.022747 114.851631
130.690006 120.714307
127.116519 120.663151
131.939141 120.376563
146.136187 115.792149
130.847818 118.642893
144.840766 116.646690
129.440984 122.286086
136.758556 114.195857
139.471221 122.783987
126.869317 115.464060
136.017448 127.270525
125.455442 129.071939
127.861864 125.520694
134.807223 131.979308
127.521878 131.820533
122.875387 124.262325
138.025252 126.788486
143.916844 132.306063
141.502449 132.427195
128.070701 127.476454
121.054729 124.341721
124.325432 124.900281
124.779428 126.837739
146.744290 127.518863
132.245512 128.706455
136.355089 131.020505
136.431411 132.955920
123.647638 128.099941
138.513690 132.992216
134.654057 128.162788
130.017263 124.154896
121.599813 128.479741
133.817699 124.489220
146.503123 125.738610
138.009942 125.091660
135.339716 124.675165
138.689645 131.290102
122.908855 126.368418
129.667788 130.954992
144.417494 124.981447
130.667232 125.541915
126.031748 125.097998
123.772510 129.754132
139.395887 127.746150
128.178903 130.663903
132.734768 125.829047
128.829770 129.124891
130.268803 128.371056
121.177790 126.613909
134.654278 129.797456
132.218590 132.343476
140.217388 125.132195
142.197692 125.372513
128.223980 123.873433
129.279526 126.556146
132.996911 130.238194
119.972426 125.252255
126.527449 123.299540
133.314159 127.167885
132.015985 124.259128
131.049380 130.190518
131.212058 127.069189
133.448741 132.080658
126.361685 126.950726
125.780441 131.023261
130.696638 132.310326
126.989534 128.829218
146.776380 124.467681
136.146312 125.673095
128.809217 136.653226
125.695364 133.243122
147.004371 136.752737
134.255692 134.477580
141.267773 140.235554
126.032089 134.682361
135.355401 135.409262
144.744715 138.064521
139.484635 135.215421
136.254297 138.260395
128.287717 133.814311
148.456119 136.081194
139.282973 142.380910
133.693172 136.592391
123.504443 134.391592
142.486298 141.010489
148.860692 140.468445
138.807718 137.758339
148.886797 138.263413
144.998191 142.615932
143.488823 136.064711
147.233630 138.375734
146.917015 139.693139
123.491185 136.056607
121.225363 135.290002
131.821984 136.457890
149.020174 142.596731
137.514023 135.024977
143.475521 139.627523
140.596100 143.039686
132.210277 137.773577
127.474546 135.915641
135.718116 142.513473
137.802488 142.319932
146.277448 141.018853
134.269764 138.089759
141.325189 135.177614
129.664720 134.713540
131.946528 135.255990
143.208990 143.402081
130.300233 137.237594
141.055767 136.868289
142.747226 142.204522
142.565504 137.855014
145.041204 136.535185
137.665156 136.868331
135.985844 136.671870
139.487193 140.125404
125.636597 136.343830
143.412610 134.560296
140.336224 138.477342
147.797378 134.490187
145.873444 134.970668
145.126420 139.928994
146.895237 142.699025
131.569945 134.128963
120.112162 116.614759
116.254469 116.936456
116.863365 108.967726
106.484196 111.355216
109.143844 115.147955
116.353957 110.326482
123.163697 111.812606
117.965600 110.843773
121.585404 110.503272
112.065780 112.829958
124.644214 112.481758
116.349921 111.979552
112.471554 107.294658
118.064090 112.446652
108.931834 110.046257
114.989189 108.431556
110.582593 113.173300
114.350527 114.726970
108.214202 111.744135
118.089554 117.212221
118.713399 116.002741
112.955988 111.498642
124.981889 120.800945
123.172239 119.006217
119.337470 109.811752
122.381050 120.091593
117.087562 113.745634
111.895870 114.432538
114.816727 111.716268
118.869953 114.406063
115.263652 117.720333
109.208305 108.132617
115.333032 113.460897
119.208531 118.812350
119.811460 111.361683
121.617860 113.676860
113.670849 113.073570
121.357336 112.102638
120.782320 119.672935
110.496460 109.490222
113.351022 115.401413
120.828914 118.103913
109.923819 111.671797
107.186720 109.779346
109.956423 114.249806
107.088187 108.279126
120.719294 115.045836
126.399998 112.719749
113.798066 116.959819
115.664046 115.304946
113.141732 109.534018
119.722773 113.098998
117.142750 115.364412
117.401910 118.388559
123.645661 113.829234
112.069677 108.686393
111.953893 116.122404
111.495569 110.925330
114.329603 110.312668
120.506485 121.663223
103.751503 118.060783
112.984122 118.744536
109.043543 122.877023
106.309667 117.365850
118.726512 120.660860
111.008664 126.411541
116.023181 126.707671
111.653345 119.814349
110.886419 122.924452
114.715939 121.934098
110.417513 124.492518
118.379197 122.076944
112.082157 124.133625
124.586530 122.876568
118.995509 127.865737
107.344116 119.506031
108.297493 121.140356
120.410304 129.661289
116.976199 125.537837
115.528505 123.316416
118.225334 128.848368
113.093701 122.771720
111.230211 118.012657
114.185099 128.135430
114.501810 119.312841
113.821369 125.681886
119.295612 126.646098
122.631421 130.668333
122.691297 121.920591
111.556294 121.440285
113.058269 121.059545
116.828287 120.008913
105.693955 118.854708
116.862565 128.685888
108.949703 118.625360
109.454670 117.113190
119.256915 123.317243
106.187693 121.115966
121.636245 122.991295
113.996846 124.000324
104.267601 120.131702
116.629946 121.526410
109.282146 125.693156
117.070922 123.313614
108.083022 123.817006
112.403510 125.854935
118.350553 124.879618
115.285038 127.682643
115.357657 125.062715
109.854149 119.793416
106.684920 123.765602
114.932148 120.508874
110.010729 121.490652
112.798584 127.420758
110.830742 129.913103
127.959405 140.441284
109.338586 132.009381
122.198369 138.265163
109.670915 128.143225
129.545837 140.843489
132.939518 139.099592
113.103848 130.317778
124.653538 139.872181
106.578399 128.612858
135.338343 139.830410
133.526327 140.388284
116.374096 130.644370
131.375262 139.535994
112.084228 128.998200
129.716669 142.515510
137.111942 139.623504
110.816786 131.390374
124.831439 141.129324
131.385875 141.176559
125.999648 141.749143
115.311362 133.233375
107.953848 129.109695
121.641779 140.078985
122.606830 141.251425
108.956105 130.267476
126.822015 138.951152
123.244254 132.836205
113.026960 131.788820
118.005117 131.290465
120.445765 133.909695
130.005318 138.646432
123.697943 138.810640
121.112143 136.980377
120.288978 132.601381
128.466765 138.756243
105.512481 129.724426
125.408164 138.012311
119.732980 139.845422
116.315440 134.445788
107.358109 130.939847
119.724621 131.452661
115.630192 131.897228
137.346313 140.942364
118.412545 134.827364
111.450531 132.993489
132.177849 142.614423
113.544692 133.375118
127.557830 142.141798
114.872611 130.049994
134.231759 141.694659
117.841273 133.106267
93.487580 102.401500
99.081829 107.840559
102.852039 105.227703
89.701182 106.030365
104.963535 113.011049
91.567024 108.324224
105.218549 108.139108
106.107395 104.749371
99.498469 104.337537
98.010290 103.767677
98.478566 109.155737
104.768318 106.010565
90.833084 109.396820
100.708452 105.105060
91.574795 104.848771
91.382061 106.630327
110.629056 106.706253
95.840102 103.763833
102.390019 103.531746
95.016112 110.518697
101.139623 108.133799
108.036589 113.487099
97.156741 102.315874
97.065915 108.649260
93.254439 105.534482
93.916699 103.820356
90.074674 104.103029
107.697166 105.149756
94.877261 108.853079
86.210501 104.188379
104.400046 104.043946
96.580015 110.030197
86.321086 106.145809
108.893607 106.155584
96.113678 107.259067
95.128166 105.484881
101.726660 111.756933
101.796629 106.567709
104.768859 111.293114
103.331549 112.113298
91.679799 102.352766
94.303931 107.147951
102.004376 110.065650
89.360672 109.749630
99.841645 111.202235
88.770022 107.551682
93.122308 110.108326
92.926627 107.805914
103.039557 108.911815
96.966153 105.377790
103.552111 107.273085
98.115976 106.471598
100.210852 109.600359
107.051389 106.859499
99.939857 106.566497
87.151794 107.586473
106.587035 113.690759
97.851723 111.112726
104.813114 109.757759
100.341826 102.809993
87.891016 104.940007
96.137921 112.759014
84.987450 118.174806
85.904786 116.513450
103.509207 116.394566
95.340169 114.712222
93.528242 118.888034
99.023763 115.055973
99.086806 120.090892
99.647129 113.322732
104.951358 115.243893
105.256379 122.535381
94.528548 112.802501
95.462745 120.345381
107.145953 116.031617
91.369491 117.602766
93.365647 120.324198
96.619225 118.388737
91.422636 119.070739
86.216134 119.897681
101.707832 117.319038
88.287745 117.167762
84.135842 115.709563
85.564342 113.349756
85.855585 114.796997
93.299930 117.339233
103.047306 114.616408
82.527130 114.880955
89.917428 114.240412
86.950534 118.118740
88.505513 114.075869
97.749083 113.150570
92.110383 116.050182
101.392676 113.906536
97.155879 120.468914
97.898442 116.604712
97.240830 114.754542
82.291876 118.502418
102.188399 119.401669
104.339455 123.755543
87.741077 115.593316
89.721995 112.033611
100.829850 115.579259
98.823889 121.627924
102.212316 122.881038
98.302821 118.417402
100.325492 118.860370
90.710012 120.287577
89.962846 116.414215
83.120145 117.185011
88.353040 119.901604
99.773664 117.085021
81.234453 116.638595
94.040440 115.934099
95.023847 118.248150
93.033130 112.489902
91.488976 112.315713
93.340801 114.355615
87.541133 112.952289
102.912368 121.378271
100.791907 121.066915
91.340257 114.591389
89.401071 118.619678
96.051305 116.491457
94.710920 127.588536
106.396284 133.896340
76.853934 125.307544
101.125129 128.938089
100.839810 131.252714
92.453196 125.183882
116.627343 137.632710
100.279475 124.746343
87.741166 123.592135
78.933220 123.694348
115.832769 136.313522
96.087474 130.825336
92.150401 129.913466
114.138485 136.345468
101.839951 127.466367
91.978463 123.642939
101.866797 133.504330
110.369881 134.290907
96.552156 128.552125
106.521456 135.323646
119.533603 137.981584
93.754261 130.719218
91.346681 122.086509
101.771363 132.144738
97.752017 127.567888
97.736625 131.603959
107.543549 132.798161
114.924180 138.687938
108.523500 135.969540
105.441894 127.619309
103.560046 128.321710
104.664070 126.143904
113.156572 135.136893
109.023584 133.445895
84.548292 122.447818
89.941996 123.625819
99.388671 128.396478
79.471363 124.957230
95.447772 122.365471
97.316680 123.233175
101.938698 125.781177
107.278866 126.733959
86.221845 125.166314
90.127446 129.997678
94.909877 129.431724
104.880947 132.741620
94.782201 123.734129
106.319971 131.634490
85.702773 123.643743
98.916418 123.876274
82.671345 124.326025
98.117337 129.814249
104.780713 130.593894
88.299333 125.197657
118.294626 136.586442
96.383958 125.154174
89.174090 122.066387
81.093338 124.941579
93.425027 122.312496
103.517078 131.527382
111.226667 135.431910
86.897158 122.015475
112.785735 137.803675
90.306587 125.328019
110.937173 136.989328
94.442323 125.263024
84.155899 124.990975
103.669608 134.113243
117.362625 139.148794
102.723709 129.885165
87.985959 130.308756
97.981661 125.876370
99.923637 130.268451
99.288124 132.543567
99.708547 126.631305
76.285802 106.771445
84.964704 110.348489
81.656534 104.570250
82.629763 105.688718
79.696764 111.026189
75.914112 108.547889
83.513514 108.739742
75.969258 111.528185
82.754494 103.993290
81.495029 109.894851
78.727242 110.102084
80.644701 102.387657
85.009604 108.666775
81.600535 106.370880
75.464935 110.004750
80.572768 106.754724
79.369424 107.849295
74.412590 110.945164
84.932720 102.055734
79.127578 103.718829
76.995430 106.980313
80.929403 110.775098
83.181890 110.549750
77.402338 111.501477
81.749628 107.546180
78.006797 110.649519
78.122106 109.064320
78.761092 108.382221
72.925051 112.133473
86.520506 108.797881
80.083872 109.027536
76.974202 108.116728
79.529311 101.954486
84.296715 104.270834
80.487820 104.485660
82.316075 109.053692
88.003535 102.187600
86.292982 102.474277
82.035118 101.959961
78.186941 106.345982
89.670720 102.438032
76.728394 109.680987
77.421159 109.403268
78.190527 104.631745
74.035490 110.511669
79.162822 106.304515
79.340511 109.479211
83.295595 107.236762
84.591940 106.147518
80.302687 107.856828
78.014825 107.511193
75.498336 108.171030
79.899922 105.495205
83.477994 102.159856
87.138930 110.398502
76.271052 110.220873
80.957452 108.496760
74.680082 109.869829
77.202494 105.517119
79.910175 115.587386
74.663393 112.801590
76.164624 116.221697
84.563330 112.415008
76.760637 113.271296
72.247929 118.986323
73.196942 119.817734
74.999298 116.483581
74.280281 117.865873
76.964444 120.218385
73.642827 116.975265
70.066287 120.025821
79.137541 114.124958
78.387364 118.710978
81.652440 119.842411
76.861671 115.396659
74.325385 119.561408
69.677049 120.251467
71.503128 115.330003
71.162243 119.516951
70.325026 118.449768
82.742325 112.474494
70.918242 120.246480
70.895813 118.105218
78.694320 112.507296
74.963046 117.256603
77.347178 117.459421
73.267701 115.783935
72.872638 118.624537
78.477487 116.308186
76.149032 117.488906
74.957569 118.794434
84.003449 120.005727
75.156867 114.210079
74.364081 115.398190
77.556283 114.149743
71.724204 117.239985
71.873451 121.272779
76.043103 112.467560
78.360929 120.219436
70.863818 117.058906
73.682791 113.300912
80.715166 112.516591
74.443836 120.764159
73.744038 118.518548
75.696025 120.401114
80.131178 120.228719
72.349546 116.337622
69.451046 120.753679
73.033794 120.782798
72.745272 114.286676
72.532593 117.668599
79.813058 117.978202
81.180358 114.033540
76.228755 118.848443
71.719611 119.313357
