1(116.9,124.8,0)125.7
7(131.5,121.8,0)99.5
7(131.5,121.8,0)99.5, 7(134.8,84.3,0)18.7
1(110.0,116.2,0)304.5
1(116.9,124.8,0)125.7
7(122.0,126.6,0)115.5
7(131.5,121.8,0)99.5, 7(134.8,84.3,0)18.7
1(116.1,126.7,0)151.0, 1(104.7,113.6,0)304.0, 1(103.2,111.2,0)304.6
7(134.8,84.3,0)18.7
7(110.2,77.7,0)20.7, 7(135.4,78.3,0)15.4
1(116.1,126.7,0)151.0
1(112.5,123.1,0)164.2
7(122.0,126.6,0)115.5, 7(115.7,112.0,0)76.1, 7(140.1,87.6,0)31.5
1(109.2,118.8,0)300.1
1(112.5,123.1,0)164.2, 1(103.4,116.0,0)298.3, 1(104.7,109.1,0)304.8
7(131.5,121.8,0)99.5, 7(134.8,84.3,0)18.7
1(116.9,124.8,0)125.7, 1(112.4,119.6,0)102.3, 1(111.2,111.2,0)303.8
1(109.2,118.8,0)300.1
7(131.9,91.9,0)16.9, 7(99.7,76.5,0)190.7, 7(105.8,71.0,0)11.2
1(116.1,126.7,0)151.0, 1(104.7,113.6,0)304.0, 1(103.2,111.2,0)304.6
7(134.8,84.3,0)18.7
1(116.1,126.7,0)151.0, 1(104.7,113.6,0)304.0, 1(107.8,113.5,0)304.8
1(116.9,124.8,0)125.7
1(109.2,118.8,0)300.1
7(131.9,91.9,0)16.9
1(109.2,118.8,0)300.1
7(131.5,121.8,0)99.5
1(109.2,118.8,0)300.1
7(104.6,75.8,0)10.6, 7(139.7,80.8,0)25.9
7(131.9,91.9,0)16.9, 7(99.7,76.5,0)190.7
1(116.1,126.7,0)151.0
7(131.5,121.8,0)99.5, 7(134.8,84.3,0)18.7
1(116.9,124.8,0)125.7, 1(112.4,119.6,0)102.3, 1(102.6,118.6,0)283.5
1(116.9,124.8,0)125.7
1(116.1,126.7,0)151.0, 1(104.7,113.6,0)304.0, 1(103.2,111.2,0)304.6
1(116.1,126.7,0)151.0
7(122.0,126.6,0)115.5
1(116.1,126.7,0)151.0
1(116.9,124.8,0)125.7
1(112.5,123.1,0)164.2
7(131.5,121.8,0)99.5
1(116.9,124.8,0)125.7
7(131.5,121.8,0)99.5