1(114.8,120.7,0)103.7, 1(117.8,119.7,0)99.9, 1(111.7,126.1,0)173.3
1(117.0,122.0,0)105.5, 1(113.9,114.4,0)76.1, 1(111.7,126.1,0)173.3
1(114.8,120.7,0)103.7, 1(117.8,119.7,0)99.9, 1(111.7,126.1,0)173.3
1(114.8,120.7,0)103.7, 1(117.8,119.7,0)99.9, 1(111.7,126.1,0)173.3
7(116.4,74.4,0)22.6
1(117.0,122.0,0)105.5, 1(113.9,114.4,0)76.1, 1(111.7,126.1,0)173.3
1(114.8,120.7,0)103.7, 1(117.8,119.7,0)99.9, 1(111.7,126.1,0)173.3
1(117.0,122.0,0)105.5, 1(113.9,114.4,0)76.1, 1(111.7,126.1,0)173.3
1(114.8,120.7,0)103.7, 1(117.8,119.7,0)99.9, 1(111.7,126.1,0)173.3
7(116.4,74.4,0)22.6, 7(129.1,83.3,0)4.1, 7(127.0,71.9,0)8.4
1(114.8,120.7,0)103.7, 1(117.8,119.7,0)99.9, 1(111.7,126.1,0)173.3
7(116.4,74.4,0)22.6, 7(129.1,83.3,0)4.1
1(114.8,120.7,0)103.7, 1(117.8,119.7,0)99.9, 1(111.7,126.1,0)173.3
1(117.0,122.0,0)105.5, 1(113.9,114.4,0)76.1, 1(111.7,126.1,0)173.3
1(114.8,120.7,0)103.7, 1(117.8,119.7,0)99.9, 1(111.7,126.1,0)173.3
1(114.8,120.7,0)103.7, 1(117.8,119.7,0)99.9, 1(111.7,126.1,0)173.3
7(116.4,74.4,0)22.6, 7(129.1,83.3,0)4.1, 7(127.0,71.9,0)8.4
1(117.0,122.0,0)105.5, 1(113.9,114.4,0)76.1, 1(111.7,126.1,0)173.3
1(114.8,120.7,0)103.7, 1(117.8,119.7,0)99.9, 1(111.7,126.1,0)173.3
1(114.8,120.7,0)103.7, 1(117.8,119.7,0)99.9, 1(111.7,126.1,0)173.3
1(117.0,122.0,0)105.5, 1(113.9,114.4,0)76.1, 1(111.7,126.1,0)173.3
1(114.8,120.7,0)103.7, 1(117.8,119.7,0)99.9, 1(111.7,126.1,0)173.3
7(116.4,74.4,0)22.6
1(117.0,122.0,0)105.5, 1(113.9,114.4,0)76.1, 1(111.7,126.1,0)173.3
1(114.8,120.7,0)103.7, 1(117.8,119.7,0)99.9, 1(111.7,126.1,0)173.3
1(117.0,122.0,0)105.5, 1(113.9,114.4,0)76.1, 1(111.7,126.1,0)173.3
1(114.8,120.7,0)103.7, 1(117.8,119.7,0)99.9, 1(111.7,126.1,0)173.3
1(117.0,122.0,0)105.5, 1(113.9,114.4,0)76.1, 1(111.7,126.1,0)173.3
1(114.8,120.7,0)103.7, 1(117.8,119.7,0)99.9, 1(111.7,126.1,0)173.3
1(114.8,120.7,0)103.7, 1(117.8,119.7,0)99.9, 1(111.7,126.1,0)173.3
1(117.0,122.0,0)105.5, 1(113.9,114.4,0)76.1, 1(111.7,126.1,0)173.3
1(114.8,120.7,0)103.7, 1(117.8,119.7,0)99.9, 1(111.7,126.1,0)173.3
1(114.8,120.7,0)103.7, 1(117.8,119.7,0)99.9, 1(111.7,126.1,0)173.3
1(114.8,120.7,0)103.7, 1(117.8,119.7,0)99.9, 1(111.7,126.1,0)173.3
1(114.8,120.7,0)103.7, 1(117.8,119.7,0)99.9, 1(111.7,126.1,0)173.3
1(114.8,120.7,0)103.7, 1(117.8,119.7,0)99.9, 1(111.7,126.1,0)173.3
1(117.0,122.0,0)105.5, 1(113.9,114.4,0)76.1, 1(111.7,126.1,0)173.3
1(114.8,120.7,0)103.7, 1(117.8,119.7,0)99.9, 1(111.7,126.1,0)173.3
1(114.8,120.7,0)103.7, 1(117.8,119.7,0)99.9, 1(111.7,126.1,0)173.3
1(114.8,120.7,0)103.7, 1(117.8,119.7,0)99.9, 1(111.7,126.1,0)173.3
1(117.0,122.0,0)105.5, 1(113.9,114.4,0)76.1, 1(111.7,126.1,0)173.3
1(117.0,122.0,0)105.5, 1(113.9,114.4,0)76.1, 1(111.7,126.1,0)173.3
1(114.8,120.7,0)103.7, 1(117.8,119.7,0)99.9, 1(111.7,126.1,0)173.3
1(117.0,122.0,0)105.5, 1(113.9,114.4,0)76.1, 1(111.7,126.1,0)173.3
1(117.0,122.0,0)105.5, 1(113.9,114.4,0)76.1, 1(111.7,126.1,0)173.3
7(130.6,77.9,0)4.4
1(114.8,120.7,0)103.7, 1(117.8,119.7,0)99.9, 1(111.7,126.1,0)173.3
1(117.0,122.0,0)105.5, 1(113.9,114.4,0)76.1, 1(111.7,126.1,0)173.3
7(130.6,77.9,0)4.4, 7(120.9,75.7,0)18.4
1(117.0,122.0,0)105.5, 1(113.9,114.4,0)76.1, 1(111.7,126.1,0)173.3
1(114.8,120.7,0)103.7, 1(117.8,119.7,0)99.9, 1(111.7,126.1,0)173.3
7(116.4,74.4,0)22.6, 7(129.1,83.3,0)4.1
1(114.8,120.7,0)103.7, 1(117.8,119.7,0)99.9, 1(111.7,126.1,0)173.3
1(114.8,120.7,0)103.7, 1(117.8,119.7,0)99.9, 1(111.7,126.1,0)173.3
1(114.8,120.7,0)103.7, 1(117.8,119.7,0)99.9, 1(111.7,126.1,0)173.3
1(114.8,120.7,0)103.7, 1(117.8,119.7,0)99.9, 1(111.7,126.1,0)173.3
1(114.8,120.7,0)103.7, 1(117.8,119.7,0)99.9, 1(111.7,126.1,0)173.3
7(116.4,74.4,0)22.6, 7(129.1,83.3,0)4.1, 7(127.0,71.9,0)8.4
1(117.0,122.0,0)105.5, 1(113.9,114.4,0)76.1, 1(111.7,126.1,0)173.3
1(114.8,120.7,0)103.7, 1(117.8,119.7,0)99.9, 1(111.7,126.1,0)173.3
1(117.0,122.0,0)105.5, 1(113.9,114.4,0)76.1, 1(111.7,126.1,0)173.3
1(114.8,120.7,0)103.7, 1(117.8,119.7,0)99.9, 1(111.7,126.1,0)173.3
1(114.8,120.7,0)103.7, 1(117.8,119.7,0)99.9, 1(111.7,126.1,0)173.3
7(116.4,74.4,0)22.6, 7(129.1,83.3,0)4.1
1(114.8,120.7,0)103.7, 1(117.8,119.7,0)99.9, 1(111.7,126.1,0)173.3
1(114.8,120.7,0)103.7, 1(117.8,119.7,0)99.9, 1(111.7,126.1,0)173.3
1(114.8,120.7,0)103.7, 1(117.8,119.7,0)99.9, 1(111.7,126.1,0)173.3
1(114.8,120.7,0)103.7, 1(117.8,119.7,0)99.9, 1(111.7,126.1,0)173.3
1(114.8,120.7,0)103.7, 1(117.8,119.7,0)99.9, 1(111.7,126.1,0)173.3
1(117.0,122.0,0)105.5, 1(113.9,114.4,0)76.1, 1(111.7,126.1,0)173.3
1(114.8,120.7,0)103.7, 1(117.8,119.7,0)99.9, 1(111.7,126.1,0)173.3
1(114.8,120.7,0)103.7, 1(117.8,119.7,0)99.9, 1(111.7,126.1,0)173.3
7(116.4,74.4,0)22.6, 7(129.1,83.3,0)4.1, 7(127.0,71.9,0)8.4
1(114.8,120.7,0)103.7, 1(117.8,119.7,0)99.9, 1(111.7,126.1,0)173.3
1(117.0,122.0,0)105.5, 1(113.9,114.4,0)76.1, 1(111.7,126.1,0)173.3
1(114.8,120.7,0)103.7, 1(117.8,119.7,0)99.9, 1(111.7,126.1,0)173.3
1(117.0,122.0,0)105.5, 1(113.9,114.4,0)76.1, 1(111.7,126.1,0)173.3
1(114.8,120.7,0)103.7, 1(117.8,119.7,0)99.9, 1(111.7,126.1,0)173.3
1(114.8,120.7,0)103.7, 1(117.8,119.7,0)99.9, 1(111.7,126.1,0)173.3
7(116.4,74.4,0)22.6
1(117.0,122.0,0)105.5, 1(113.9,114.4,0)76.1, 1(111.7,126.1,0)173.3
1(117.0,122.0,0)105.5, 1(113.9,114.4,0)76.1, 1(111.7,126.1,0)173.3
7(130.6,77.9,0)4.4
1(114.8,120.7,0)103.7, 1(117.8,119.7,0)99.9, 1(111.7,126.1,0)173.3
1(114.8,120.7,0)103.7, 1(117.8,119.7,0)99.9, 1(111.7,126.1,0)173.3
7(116.4,74.4,0)22.6, 7(129.1,83.3,0)4.1, 7(127.0,71.9,0)8.4
1(117.0,122.0,0)105.5, 1(113.9,114.4,0)76.1, 1(111.7,126.1,0)173.3
1(117.0,122.0,0)105.5, 1(113.9,114.4,0)76.1, 1(111.7,126.1,0)173.3
1(114.8,120.7,0)103.7, 1(117.8,119.7,0)99.9, 1(111.7,126.1,0)173.3
1(114.8,120.7,0)103.7, 1(117.8,119.7,0)99.9, 1(111.7,126.1,0)173.3
1(117.0,122.0,0)105.5, 1(113.9,114.4,0)76.1, 1(111.7,126.1,0)173.3
1(117.0,122.0,0)105.5, 1(113.9,114.4,0)76.1, 1(111.7,126.1,0)173.3
1(114.8,120.7,0)103.7, 1(117.8,119.7,0)99.9, 1(111.7,126.1,0)173.3
7(116.4,74.4,0)22.6, 7(129.1,83.3,0)4.1, 7(127.0,71.9,0)8.4
1(114.8,120.7,0)103.7, 1(117.8,119.7,0)99.9, 1(111.7,126.1,0)173.3
1(114.8,120.7,0)103.7, 1(117.8,119.7,0)99.9, 1(111.7,126.1,0)173.3
1(114.8,120.7,0)103.7, 1(117.8,119.7,0)99.9, 1(111.7,126.1,0)173.3
1(114.8,120.7,0)103.7, 1(117.8,119.7,0)99.9, 1(111.7,126.1,0)173.3
1(114.8,120.7,0)103.7, 1(117.8,119.7,0)99.9, 1(111.7,126.1,0)173.3
1(114.8,120.7,0)103.7, 1(117.8,119.7,0)99.9, 1(111.7,126.1,0)173.3
1(114.8,120.7,0)103.7, 1(117.8,119.7,0)99.9, 1(111.7,126.1,0)173.3
1(114.8,120.7,0)103.7, 1(117.8,119.7,0)99.9, 1(111.7,126.1,0)173.3
1(114.8,120.7,0)103.7, 1(117.8,119.7,0)99.9, 1(111.7,126.1,0)173.3
1(114.8,120.7,0)103.7, 1(117.8,119.7,0)99.9, 1(111.7,126.1,0)173.3
1(114.8,120.7,0)103.7, 1(117.8,119.7,0)99.9, 1(111.7,126.1,0)173.3
1(114.8,120.7,0)103.7, 1(117.8,119.7,0)99.9, 1(111.7,126.1,0)173.3
1(117.0,122.0,0)105.5, 1(113.9,114.4,0)76.1, 1(111.7,126.1,0)173.3
1(114.8,120.7,0)103.7, 1(117.8,119.7,0)99.9, 1(111.7,126.1,0)173.3
1(114.8,120.7,0)103.7, 1(117.8,119.7,0)99.9, 1(111.7,126.1,0)173.3
1(114.8,120.7,0)103.7, 1(117.8,119.7,0)99.9, 1(111.7,126.1,0)173.3
1(114.8,120.7,0)103.7, 1(117.8,119.7,0)99.9, 1(111.7,126.1,0)173.3
1(114.8,120.7,0)103.7, 1(117.8,119.7,0)99.9, 1(111.7,126.1,0)173.3
1(114.8,120.7,0)103.7, 1(117.8,119.7,0)99.9, 1(111.7,126.1,0)173.3
1(114.8,120.7,0)103.7, 1(117.8,119.7,0)99.9, 1(111.7,126.1,0)173.3
7(116.4,74.4,0)22.6, 7(129.1,83.3,0)4.1
1(117.0,122.0,0)105.5, 1(113.9,114.4,0)76.1, 1(111.7,126.1,0)173.3