1(110.9,113.6,0)304.8, 1(113.2,117.0,0)76.1, 1(102.6,118.6,0)283.5
1(105.9,118.6,0)288.7, 1(115.6,118.2,0)95.5, 1(103.4,116.0,0)298.3
1(110.9,113.6,0)304.8, 1(113.2,117.0,0)76.1, 1(102.6,118.6,0)283.5
1(105.9,118.6,0)288.7, 1(115.6,118.2,0)95.5, 1(103.4,116.0,0)298.3
1(105.9,118.6,0)288.7, 1(115.6,118.2,0)95.5, 1(103.4,116.0,0)298.3
1(110.9,113.6,0)304.8, 1(113.2,117.0,0)76.1, 1(102.6,118.6,0)283.5
1(105.9,118.6,0)288.7, 1(115.6,118.2,0)95.5, 1(103.4,116.0,0)298.3
1(105.9,118.6,0)288.7, 1(115.6,118.2,0)95.5, 1(103.4,116.0,0)298.3
7(122.4,70.9,0)18.5, 7(110.2,77.7,0)20.7
1(105.9,118.6,0)288.7, 1(115.6,118.2,0)95.5, 1(103.4,116.0,0)298.3
7(122.4,70.9,0)18.5, 7(110.2,77.7,0)20.7
1(110.9,113.6,0)304.8, 1(113.2,117.0,0)76.1, 1(102.6,118.6,0)283.5
7(120.9,75.7,0)18.4
1(105.9,118.6,0)288.7, 1(115.6,118.2,0)95.5, 1(103.4,116.0,0)298.3
1(110.9,113.6,0)304.8, 1(113.2,117.0,0)76.1, 1(102.6,118.6,0)283.5
1(105.9,118.6,0)288.7, 1(115.6,118.2,0)95.5, 1(103.4,116.0,0)298.3
1(105.9,118.6,0)288.7, 1(115.6,118.2,0)95.5, 1(103.4,116.0,0)298.3
1(110.9,113.6,0)304.8, 1(113.2,117.0,0)76.1, 1(102.6,118.6,0)283.5
1(110.9,113.6,0)304.8, 1(113.2,117.0,0)76.1, 1(102.6,118.6,0)283.5
7(120.9,75.7,0)18.4, 7(111.9,72.0,0)20.3, 7(115.7,112.0,0)76.1
1(105.9,118.6,0)288.7, 1(115.6,118.2,0)95.5, 1(103.4,116.0,0)298.3
1(105.9,118.6,0)288.7, 1(115.6,118.2,0)95.5, 1(103.4,116.0,0)298.3
1(105.9,118.6,0)288.7, 1(115.6,118.2,0)95.5, 1(103.4,116.0,0)298.3
1(110.9,113.6,0)304.8, 1(113.2,117.0,0)76.1, 1(102.6,118.6,0)283.5
7(120.9,75.7,0)18.4, 7(111.9,72.0,0)20.3
1(105.9,118.6,0)288.7, 1(115.6,118.2,0)95.5, 1(103.4,116.0,0)298.3
7(122.4,70.9,0)18.5
1(110.9,113.6,0)304.8, 1(113.2,117.0,0)76.1, 1(102.6,118.6,0)283.5
1(105.9,118.6,0)288.7, 1(115.6,118.2,0)95.5, 1(103.4,116.0,0)298.3
1(110.9,113.6,0)304.8, 1(113.2,117.0,0)76.1, 1(102.6,118.6,0)283.5
1(110.9,113.6,0)304.8, 1(113.2,117.0,0)76.1, 1(102.6,118.6,0)283.5
1(105.9,118.6,0)288.7, 1(115.6,118.2,0)95.5, 1(103.4,116.0,0)298.3
1(110.9,113.6,0)304.8, 1(113.2,117.0,0)76.1, 1(102.6,118.6,0)283.5
1(110.9,113.6,0)304.8, 1(113.2,117.0,0)76.1, 1(102.6,118.6,0)283.5
1(110.9,113.6,0)304.8, 1(113.2,117.0,0)76.1, 1(102.6,118.6,0)283.5
1(110.9,113.6,0)304.8, 1(113.2,117.0,0)76.1, 1(102.6,118.6,0)283.5
1(110.9,113.6,0)304.8, 1(113.2,117.0,0)76.1, 1(102.6,118.6,0)283.5
1(105.9,118.6,0)288.7, 1(115.6,118.2,0)95.5, 1(103.4,116.0,0)298.3
1(110.9,113.6,0)304.8, 1(113.2,117.0,0)76.1, 1(102.6,118.6,0)283.5
1(110.9,113.6,0)304.8, 1(113.2,117.0,0)76.1, 1(102.6,118.6,0)283.5
1(110.9,113.6,0)304.8, 1(113.2,117.0,0)76.1, 1(102.6,118.6,0)283.5
1(105.9,118.6,0)288.7, 1(115.6,118.2,0)95.5, 1(103.4,116.0,0)298.3
1(105.9,118.6,0)288.7, 1(115.6,118.2,0)95.5, 1(103.4,116.0,0)298.3
1(110.9,113.6,0)304.8, 1(113.2,117.0,0)76.1, 1(102.6,118.6,0)283.5
7(120.9,75.7,0)18.4, 7(111.9,72.0,0)20.3
1(105.9,118.6,0)288.7, 1(115.6,118.2,0)95.5, 1(103.4,116.0,0)298.3
1(106.7,116.0,0)303.1, 1(117.8,119.7,0)99.9, 1(112.4,119.6,0)102.3
1(110.9,113.6,0)304.8, 1(113.2,117.0,0)76.1, 1(102.6,118.6,0)283.5
1(106.7,116.0,0)303.1, 1(117.8,119.7,0)99.9, 1(112.4,119.6,0)102.3
1(105.9,118.6,0)288.7, 1(115.6,118.2,0)95.5, 1(103.4,116.0,0)298.3
1(105.9,118.6,0)288.7, 1(115.6,118.2,0)95.5, 1(103.4,116.0,0)298.3
7(122.4,70.9,0)18.5, 7(110.2,77.7,0)20.7
1(110.9,113.6,0)304.8, 1(113.2,117.0,0)76.1, 1(102.6,118.6,0)283.5
1(110.9,113.6,0)304.8, 1(113.2,117.0,0)76.1, 1(102.6,118.6,0)283.5
1(110.9,113.6,0)304.8, 1(113.2,117.0,0)76.1, 1(102.6,118.6,0)283.5
1(110.9,113.6,0)304.8, 1(113.2,117.0,0)76.1, 1(102.6,118.6,0)283.5
1(105.9,118.6,0)288.7, 1(115.6,118.2,0)95.5, 1(103.4,116.0,0)298.3
7(122.4,70.9,0)18.5
1(105.9,118.6,0)288.7, 1(115.6,118.2,0)95.5, 1(103.4,116.0,0)298.3
7(122.4,70.9,0)18.5
1(110.9,113.6,0)304.8, 1(113.2,117.0,0)76.1, 1(102.6,118.6,0)283.5
7(120.9,75.7,0)18.4
1(105.9,118.6,0)288.7, 1(115.6,118.2,0)95.5, 1(103.4,116.0,0)298.3
1(110.9,113.6,0)304.8, 1(113.2,117.0,0)76.1, 1(102.6,118.6,0)283.5
1(105.9,118.6,0)288.7, 1(115.6,118.2,0)95.5, 1(103.4,116.0,0)298.3
1(110.9,113.6,0)304.8, 1(113.2,117.0,0)76.1, 1(102.6,118.6,0)283.5
1(110.9,113.6,0)304.8, 1(113.2,117.0,0)76.1, 1(102.6,118.6,0)283.5
1(110.9,113.6,0)304.8, 1(113.2,117.0,0)76.1, 1(102.6,118.6,0)283.5
1(110.9,113.6,0)304.8, 1(113.2,117.0,0)76.1, 1(102.6,118.6,0)283.5
7(120.9,75.7,0)18.4
1(110.9,113.6,0)304.8, 1(113.2,117.0,0)76.1, 1(102.6,118.6,0)283.5
1(105.9,118.6,0)288.7, 1(115.6,118.2,0)95.5, 1(103.4,116.0,0)298.3
7(122.4,70.9,0)18.5, 7(110.2,77.7,0)20.7, 7(111.9,72.0,0)20.3
1(110.9,113.6,0)304.8, 1(113.2,117.0,0)76.1, 1(102.6,118.6,0)283.5
1(105.9,118.6,0)288.7, 1(115.6,118.2,0)95.5, 1(103.4,116.0,0)298.3
7(122.4,70.9,0)18.5, 7(110.2,77.7,0)20.7, 7(111.9,72.0,0)20.3
1(110.9,113.6,0)304.8, 1(113.2,117.0,0)76.1, 1(102.6,118.6,0)283.5
7(120.9,75.7,0)18.4
1(105.9,118.6,0)288.7, 1(115.6,118.2,0)95.5, 1(103.4,116.0,0)298.3
1(110.9,113.6,0)304.8, 1(113.2,117.0,0)76.1, 1(102.6,118.6,0)283.5
7(120.9,75.7,0)18.4
1(105.9,118.6,0)288.7, 1(115.6,118.2,0)95.5, 1(103.4,116.0,0)298.3
1(110.9,113.6,0)304.8, 1(113.2,117.0,0)76.1, 1(102.6,118.6,0)283.5
7(120.9,75.7,0)18.4
1(105.9,118.6,0)288.7, 1(115.6,118.2,0)95.5, 1(103.4,116.0,0)298.3
1(105.9,118.6,0)288.7, 1(115.6,118.2,0)95.5, 1(103.4,116.0,0)298.3
1(106.7,116.0,0)303.1, 1(117.8,119.7,0)99.9, 1(112.4,119.6,0)102.3
1(110.9,113.6,0)304.8, 1(113.2,117.0,0)76.1, 1(102.6,118.6,0)283.5
7(120.9,75.7,0)18.4
1(105.9,118.6,0)288.7, 1(115.6,118.2,0)95.5, 1(103.4,116.0,0)298.3
1(105.9,118.6,0)288.7, 1(115.6,118.2,0)95.5, 1(103.4,116.0,0)298.3
1(105.9,118.6,0)288.7, 1(115.6,118.2,0)95.5, 1(103.4,116.0,0)298.3
1(110.9,113.6,0)304.8, 1(113.2,117.0,0)76.1, 1(102.6,118.6,0)283.5
7(120.9,75.7,0)18.4, 7(111.9,72.0,0)20.3, 7(115.7,112.0,0)76.1
1(110.9,113.6,0)304.8, 1(113.2,117.0,0)76.1, 1(102.6,118.6,0)283.5
1(105.9,118.6,0)288.7, 1(115.6,118.2,0)95.5, 1(103.4,116.0,0)298.3
1(105.9,118.6,0)288.7, 1(115.6,118.2,0)95.5, 1(103.4,116.0,0)298.3
1(105.9,118.6,0)288.7, 1(115.6,118.2,0)95.5, 1(103.4,116.0,0)298.3
1(110.9,113.6,0)304.8, 1(113.2,117.0,0)76.1, 1(102.6,118.6,0)283.5
1(110.9,113.6,0)304.8, 1(113.2,117.0,0)76.1, 1(102.6,118.6,0)283.5
1(110.9,113.6,0)304.8, 1(113.2,117.0,0)76.1, 1(102.6,118.6,0)283.5
7(120.9,75.7,0)18.4
1(110.9,113.6,0)304.8, 1(113.2,117.0,0)76.1, 1(102.6,118.6,0)283.5
1(110.9,113.6,0)304.8, 1(113.2,117.0,0)76.1, 1(102.6,118.6,0)283.5
1(110.9,113.6,0)304.8, 1(113.2,117.0,0)76.1, 1(102.6,118.6,0)283.5
1(110.9,113.6,0)304.8, 1(113.2,117.0,0)76.1, 1(102.6,118.6,0)283.5
1(110.9,113.6,0)304.8, 1(113.2,117.0,0)76.1, 1(102.6,118.6,0)283.5
1(110.9,113.6,0)304.8, 1(113.2,117.0,0)76.1, 1(102.6,118.6,0)283.5
1(110.9,113.6,0)304.8, 1(113.2,117.0,0)76.1, 1(102.6,118.6,0)283.5
1(110.9,113.6,0)304.8, 1(113.2,117.0,0)76.1, 1(102.6,118.6,0)283.5
1(110.9,113.6,0)304.8, 1(113.2,117.0,0)76.1, 1(102.6,118.6,0)283.5
1(105.9,118.6,0)288.7, 1(115.6,118.2,0)95.5, 1(103.4,116.0,0)298.3
1(110.9,113.6,0)304.8, 1(113.2,117.0,0)76.1, 1(102.6,118.6,0)283.5
1(110.9,113.6,0)304.8, 1(113.2,117.0,0)76.1, 1(102.6,118.6,0)283.5
1(110.9,113.6,0)304.8, 1(113.2,117.0,0)76.1, 1(102.6,118.6,0)283.5
7(120.9,75.7,0)18.4
1(110.9,113.6,0)304.8, 1(113.2,117.0,0)76.1, 1(102.6,118.6,0)283.5
1(110.9,113.6,0)304.8, 1(113.2,117.0,0)76.1, 1(102.6,118.6,0)283.5
1(110.9,113.6,0)304.8, 1(113.2,117.0,0)76.1, 1(102.6,118.6,0)283.5
1(105.9,118.6,0)288.7, 1(115.6,118.2,0)95.5, 1(103.4,116.0,0)298.3
7(122.4,70.9,0)18.5
1(105.9,118.6,0)288.7, 1(115.6,118.2,0)95.5, 1(103.4,116.0,0)298.3