1(109.2,118.8,0)300.1
1(110.0,116.2,0)304.5, 1(117.0,122.0,0)105.5, 1(122.0,126.6,0)115.5
1(110.0,116.2,0)304.5, 1(117.0,122.0,0)105.5, 1(122.0,126.6,0)115.5
1(109.2,118.8,0)300.1, 1(114.8,120.7,0)103.7, 1(122.5,113.5,0)76.1
1(110.0,116.2,0)304.5, 1(117.0,122.0,0)105.5, 1(122.0,126.6,0)115.5
1(110.0,116.2,0)304.5, 1(117.0,122.0,0)105.5, 1(122.0,126.6,0)115.5
1(110.0,116.2,0)304.5, 1(117.0,122.0,0)105.5, 1(122.0,126.6,0)115.5
7(131.1,73.9,0)4.6
1(109.2,118.8,0)300.1, 1(114.8,120.7,0)103.7, 1(122.5,113.5,0)76.1
1(109.2,118.8,0)300.1, 1(114.8,120.7,0)103.7, 1(122.5,113.5,0)76.1
1(109.2,118.8,0)300.1, 1(114.8,120.7,0)103.7, 1(122.5,113.5,0)76.1
1(109.2,118.8,0)300.1, 1(114.8,120.7,0)103.7, 1(122.5,113.5,0)76.1
1(110.0,116.2,0)304.5, 1(117.0,122.0,0)105.5, 1(122.0,126.6,0)115.5
1(110.0,116.2,0)304.5, 1(117.0,122.0,0)105.5, 1(122.0,126.6,0)115.5
7(131.1,73.9,0)4.6
1(110.0,116.2,0)304.5, 1(117.0,122.0,0)105.5, 1(122.0,126.6,0)115.5
7(131.1,73.9,0)4.6
1(109.2,118.8,0)300.1, 1(114.8,120.7,0)103.7, 1(122.5,113.5,0)76.1
1(110.0,116.2,0)304.5, 1(117.0,122.0,0)105.5, 1(122.0,126.6,0)115.5
1(116.9,124.8,0)125.7, 1(112.4,119.6,0)102.3, 1(122.6,116.0,0)81.0
1(109.2,118.8,0)300.1
1(116.9,124.8,0)125.7
1(109.2,118.8,0)300.1
1(116.9,124.8,0)125.7
1(109.2,118.8,0)300.1, 1(114.8,120.7,0)103.7, 1(122.5,113.5,0)76.1
1(109.2,118.8,0)300.1, 1(114.8,120.7,0)103.7, 1(122.5,113.5,0)76.1
1(109.2,118.8,0)300.1, 1(114.8,120.7,0)103.7, 1(122.5,113.5,0)76.1
1(110.0,116.2,0)304.5, 1(117.0,122.0,0)105.5, 1(122.0,126.6,0)115.5
1(110.0,116.2,0)304.5, 1(117.0,122.0,0)105.5, 1(122.0,126.6,0)115.5
1(109.2,118.8,0)300.1, 1(114.8,120.7,0)103.7, 1(122.5,113.5,0)76.1
1(110.0,116.2,0)304.5, 1(117.0,122.0,0)105.5, 1(122.0,126.6,0)115.5
7(115.7,112.0,0)76.1, 7(139.7,80.8,0)25.9, 7(118.2,70.7,0)22.5
1(110.0,116.2,0)304.5, 1(117.0,122.0,0)105.5, 1(122.0,126.6,0)115.5
1(110.0,116.2,0)304.5, 1(117.0,122.0,0)105.5, 1(122.0,126.6,0)115.5
7(131.1,73.9,0)4.6
1(109.2,118.8,0)300.1
1(109.2,118.8,0)300.1, 1(114.8,120.7,0)103.7, 1(122.5,113.5,0)76.1
7(131.9,91.9,0)16.9
1(109.2,118.8,0)300.1, 1(114.8,120.7,0)103.7, 1(122.5,113.5,0)76.1
7(115.7,112.0,0)76.1
1(110.0,116.2,0)304.5, 1(117.0,122.0,0)105.5, 1(122.0,126.6,0)115.5
1(110.0,116.2,0)304.5, 1(117.0,122.0,0)105.5, 1(122.0,126.6,0)115.5
7(115.7,112.0,0)76.1
1(110.0,116.2,0)304.5, 1(117.0,122.0,0)105.5, 1(122.0,126.6,0)115.5
1(109.2,118.8,0)300.1
7(131.9,91.9,0)16.9
1(109.2,118.8,0)300.1
1(109.2,118.8,0)300.1, 1(114.8,120.7,0)103.7, 1(122.5,113.5,0)76.1
1(110.0,116.2,0)304.5, 1(117.0,122.0,0)105.5, 1(122.0,126.6,0)115.5
7(131.1,73.9,0)4.6
1(109.2,118.8,0)300.1, 1(114.8,120.7,0)103.7, 1(122.5,113.5,0)76.1
1(110.0,116.2,0)304.5, 1(117.0,122.0,0)105.5, 1(122.6,116.0,0)81.0
1(110.0,116.2,0)304.5, 1(117.0,122.0,0)105.5, 1(122.0,126.6,0)115.5
1(109.2,118.8,0)300.1, 1(114.8,120.7,0)103.7, 1(122.5,113.5,0)76.1
1(109.2,118.8,0)300.1, 1(114.8,120.7,0)103.7, 1(122.5,113.5,0)76.1
1(109.2,118.8,0)300.1, 1(114.8,120.7,0)103.7, 1(122.5,113.5,0)76.1
1(109.2,118.8,0)300.1, 1(114.8,120.7,0)103.7, 1(122.5,113.5,0)76.1
1(109.2,118.8,0)300.1, 1(114.8,120.7,0)103.7, 1(122.5,113.5,0)76.1
1(109.2,118.8,0)300.1
1(109.2,118.8,0)300.1, 1(114.8,120.7,0)103.7, 1(122.5,113.5,0)76.1
1(110.0,116.2,0)304.5, 1(117.0,122.0,0)105.5, 1(122.0,126.6,0)115.5
1(116.9,124.8,0)125.7
1(116.9,124.8,0)125.7
7(115.7,112.0,0)76.1
1(109.2,118.8,0)300.1, 1(114.8,120.7,0)103.7, 1(122.5,113.5,0)76.1
1(109.2,118.8,0)300.1, 1(114.8,120.7,0)103.7
7(115.7,112.0,0)76.1, 7(139.7,80.8,0)25.9
1(116.9,124.8,0)125.7, 1(112.4,119.6,0)102.3, 1(122.6,116.0,0)81.0
1(110.0,116.2,0)304.5, 1(117.0,122.0,0)105.5, 1(122.0,126.6,0)115.5
1(109.2,118.8,0)300.1, 1(114.8,120.7,0)103.7, 1(122.5,113.5,0)76.1