1(110.0,116.2,0)304.5, 1(117.0,122.0,0)105.5, 1(122.0,126.6,0)115.5
7(131.1,73.9,0)4.6
1(110.9,113.6,0)304.8, 1(119.3,123.3,0)107.1, 1(115.7,112.0,0)76.1
7(130.6,77.9,0)4.4, 7(116.4,74.4,0)22.6
1(110.0,116.2,0)304.5, 1(117.0,122.0,0)105.5, 1(122.0,126.6,0)115.5
7(131.1,73.9,0)4.6
1(110.9,113.6,0)304.8, 1(119.3,123.3,0)107.1, 1(115.7,112.0,0)76.1
7(130.6,77.9,0)4.4
1(110.9,113.6,0)304.8, 1(119.3,123.3,0)107.1, 1(115.7,112.0,0)76.1
1(110.0,116.2,0)304.5, 1(117.0,122.0,0)105.5, 1(122.0,126.6,0)115.5
1(110.9,113.6,0)304.8, 1(119.3,123.3,0)107.1, 1(115.7,112.0,0)76.1
7(130.6,77.9,0)4.4, 7(116.4,74.4,0)22.6, 7(131.9,91.9,0)16.9
1(105.9,118.6,0)288.7, 1(113.2,117.0,0)76.1, 1(122.8,118.4,0)93.7
1(105.9,118.6,0)288.7, 1(113.2,117.0,0)76.1, 1(122.8,118.4,0)93.7
1(110.9,113.6,0)304.8, 1(119.3,123.3,0)107.1, 1(115.7,112.0,0)76.1
1(110.9,113.6,0)304.8, 1(119.3,123.3,0)107.1, 1(115.7,112.0,0)76.1
1(110.0,116.2,0)304.5, 1(117.0,122.0,0)105.5, 1(122.0,126.6,0)115.5
1(110.9,113.6,0)304.8, 1(119.3,123.3,0)107.1, 1(115.7,112.0,0)76.1
1(110.9,113.6,0)304.8, 1(119.3,123.3,0)107.1, 1(115.7,112.0,0)76.1
1(110.0,116.2,0)304.5, 1(117.0,122.0,0)105.5, 1(122.0,126.6,0)115.5
1(110.9,113.6,0)304.8, 1(119.3,123.3,0)107.1, 1(115.7,112.0,0)76.1
1(110.9,113.6,0)304.8, 1(119.3,123.3,0)107.1, 1(115.7,112.0,0)76.1
7(130.6,77.9,0)4.4, 7(116.4,74.4,0)22.6, 7(131.9,91.9,0)16.9
1(110.9,113.6,0)304.8, 1(119.3,123.3,0)107.1, 1(115.7,112.0,0)76.1
7(130.6,77.9,0)4.4, 7(116.4,74.4,0)22.6
1(110.9,113.6,0)304.8, 1(119.3,123.3,0)107.1, 1(115.7,112.0,0)76.1
7(130.6,77.9,0)4.4, 7(116.4,74.4,0)22.6, 7(131.9,91.9,0)16.9
1(110.9,113.6,0)304.8, 1(119.3,123.3,0)107.1, 1(115.7,112.0,0)76.1
1(105.9,118.6,0)288.7, 1(113.2,117.0,0)76.1, 1(122.8,118.4,0)93.7
1(110.0,116.2,0)304.5, 1(117.0,122.0,0)105.5, 1(122.0,126.6,0)115.5
1(110.9,113.6,0)304.8, 1(119.3,123.3,0)107.1, 1(115.7,112.0,0)76.1
1(110.0,116.2,0)304.5, 1(117.0,122.0,0)105.5, 1(122.0,126.6,0)115.5
1(110.0,116.2,0)304.5, 1(117.0,122.0,0)105.5, 1(122.0,126.6,0)115.5
1(110.9,113.6,0)304.8, 1(119.3,123.3,0)107.1, 1(115.7,112.0,0)76.1
1(110.0,116.2,0)304.5, 1(117.0,122.0,0)105.5, 1(122.0,126.6,0)115.5
1(110.0,116.2,0)304.5, 1(117.0,122.0,0)105.5, 1(122.0,126.6,0)115.5
1(110.0,116.2,0)304.5, 1(117.0,122.0,0)105.5, 1(122.0,126.6,0)115.5
1(110.0,116.2,0)304.5, 1(117.0,122.0,0)105.5, 1(122.0,126.6,0)115.5
1(110.0,116.2,0)304.5, 1(117.0,122.0,0)105.5, 1(122.0,126.6,0)115.5
1(110.9,113.6,0)304.8, 1(119.3,123.3,0)107.1, 1(115.7,112.0,0)76.1
1(110.0,116.2,0)304.5, 1(117.0,122.0,0)105.5, 1(122.0,126.6,0)115.5
1(110.0,116.2,0)304.5, 1(117.0,122.0,0)105.5, 1(122.0,126.6,0)115.5
1(110.0,116.2,0)304.5, 1(117.0,122.0,0)105.5, 1(122.0,126.6,0)115.5
7(131.1,73.9,0)4.6, 7(122.0,126.6,0)115.5, 7(122.4,70.9,0)18.5
1(110.9,113.6,0)304.8, 1(119.3,123.3,0)107.1, 1(115.7,112.0,0)76.1
1(110.9,113.6,0)304.8, 1(119.3,123.3,0)107.1, 1(115.7,112.0,0)76.1
1(110.9,113.6,0)304.8, 1(119.3,123.3,0)107.1, 1(115.7,112.0,0)76.1
1(110.9,113.6,0)304.8, 1(119.3,123.3,0)107.1, 1(115.7,112.0,0)76.1
1(105.9,118.6,0)288.7, 1(113.2,117.0,0)76.1, 1(122.8,118.4,0)93.7
1(110.0,116.2,0)304.5, 1(117.0,122.0,0)105.5, 1(122.0,126.6,0)115.5
1(105.9,118.6,0)288.7, 1(113.2,117.0,0)76.1, 1(122.8,118.4,0)93.7
1(110.9,113.6,0)304.8, 1(119.3,123.3,0)107.1, 1(115.7,112.0,0)76.1
1(105.9,118.6,0)288.7, 1(113.2,117.0,0)76.1, 1(122.8,118.4,0)93.7
1(110.0,116.2,0)304.5, 1(117.0,122.0,0)105.5, 1(122.0,126.6,0)115.5
1(110.0,116.2,0)304.5, 1(117.0,122.0,0)105.5, 1(122.0,126.6,0)115.5
7(131.1,73.9,0)4.6
1(110.0,116.2,0)304.5, 1(117.0,122.0,0)105.5, 1(122.0,126.6,0)115.5
1(110.0,116.2,0)304.5, 1(117.0,122.0,0)105.5, 1(122.0,126.6,0)115.5
1(105.9,118.6,0)288.7, 1(113.2,117.0,0)76.1, 1(122.8,118.4,0)93.7
1(105.9,118.6,0)288.7, 1(113.2,117.0,0)76.1, 1(122.8,118.4,0)93.7
1(110.9,113.6,0)304.8, 1(119.3,123.3,0)107.1, 1(115.7,112.0,0)76.1
1(110.9,113.6,0)304.8, 1(119.3,123.3,0)107.1, 1(115.7,112.0,0)76.1
1(110.0,116.2,0)304.5, 1(117.0,122.0,0)105.5, 1(122.0,126.6,0)115.5
7(131.1,73.9,0)4.6
1(110.9,113.6,0)304.8, 1(119.3,123.3,0)107.1, 1(115.7,112.0,0)76.1
1(110.0,116.2,0)304.5, 1(117.0,122.0,0)105.5, 1(122.0,126.6,0)115.5
1(110.0,116.2,0)304.5, 1(117.0,122.0,0)105.5, 1(122.0,126.6,0)115.5
1(110.0,116.2,0)304.5, 1(117.0,122.0,0)105.5, 1(122.0,126.6,0)115.5
1(110.9,113.6,0)304.8, 1(119.3,123.3,0)107.1, 1(115.7,112.0,0)76.1
7(130.6,77.9,0)4.4, 7(116.4,74.4,0)22.6
1(110.0,116.2,0)304.5, 1(117.0,122.0,0)105.5, 1(122.0,126.6,0)115.5
1(105.9,118.6,0)288.7, 1(113.2,117.0,0)76.1, 1(122.8,118.4,0)93.7
1(110.0,116.2,0)304.5, 1(117.0,122.0,0)105.5, 1(122.0,126.6,0)115.5
1(105.9,118.6,0)288.7, 1(113.2,117.0,0)76.1, 1(122.8,118.4,0)93.7
1(110.9,113.6,0)304.8, 1(119.3,123.3,0)107.1, 1(115.7,112.0,0)76.1
1(110.9,113.6,0)304.8, 1(119.3,123.3,0)107.1, 1(115.7,112.0,0)76.1
1(110.9,113.6,0)304.8, 1(119.3,123.3,0)107.1, 1(115.7,112.0,0)76.1
1(110.9,113.6,0)304.8, 1(119.3,123.3,0)107.1, 1(115.7,112.0,0)76.1
1(110.9,113.6,0)304.8, 1(119.3,123.3,0)107.1, 1(115.7,112.0,0)76.1
7(130.6,77.9,0)4.4, 7(116.4,74.4,0)22.6
1(110.9,113.6,0)304.8, 1(119.3,123.3,0)107.1, 1(115.7,112.0,0)76.1
1(110.9,113.6,0)304.8, 1(119.3,123.3,0)107.1, 1(115.7,112.0,0)76.1
1(105.9,118.6,0)288.7, 1(113.2,117.0,0)76.1, 1(122.8,118.4,0)93.7
7(127.0,71.9,0)8.4, 7(118.2,70.7,0)22.5, 7(110.2,77.7,0)20.7
1(110.9,113.6,0)304.8, 1(119.3,123.3,0)107.1, 1(115.7,112.0,0)76.1
7(130.6,77.9,0)4.4
1(110.9,113.6,0)304.8, 1(119.3,123.3,0)107.1, 1(115.7,112.0,0)76.1
1(110.9,113.6,0)304.8, 1(119.3,123.3,0)107.1, 1(115.7,112.0,0)76.1
1(110.9,113.6,0)304.8, 1(119.3,123.3,0)107.1, 1(115.7,112.0,0)76.1
1(110.9,113.6,0)304.8, 1(119.3,123.3,0)107.1, 1(115.7,112.0,0)76.1
1(110.0,116.2,0)304.5, 1(117.0,122.0,0)105.5, 1(122.0,126.6,0)115.5
1(110.9,113.6,0)304.8, 1(119.3,123.3,0)107.1, 1(115.7,112.0,0)76.1
1(110.9,113.6,0)304.8, 1(119.3,123.3,0)107.1, 1(115.7,112.0,0)76.1
1(110.9,113.6,0)304.8, 1(119.3,123.3,0)107.1, 1(115.7,112.0,0)76.1
1(110.0,116.2,0)304.5, 1(117.0,122.0,0)105.5, 1(122.0,126.6,0)115.5
1(110.0,116.2,0)304.5, 1(117.0,122.0,0)105.5, 1(122.0,126.6,0)115.5
1(110.9,113.6,0)304.8, 1(119.3,123.3,0)107.1, 1(115.7,112.0,0)76.1
7(130.6,77.9,0)4.4
1(110.0,116.2,0)304.5, 1(117.0,122.0,0)105.5, 1(122.0,126.6,0)115.5
1(110.0,116.2,0)304.5, 1(117.0,122.0,0)105.5, 1(122.0,126.6,0)115.5
1(110.0,116.2,0)304.5, 1(117.0,122.0,0)105.5, 1(122.0,126.6,0)115.5
1(110.0,116.2,0)304.5, 1(117.0,122.0,0)105.5, 1(122.0,126.6,0)115.5
1(110.0,116.2,0)304.5, 1(117.0,122.0,0)105.5, 1(122.0,126.6,0)115.5
1(110.0,116.2,0)304.5, 1(117.0,122.0,0)105.5, 1(122.0,126.6,0)115.5
1(110.0,116.2,0)304.5, 1(117.0,122.0,0)105.5, 1(122.0,126.6,0)115.5
1(110.0,116.2,0)304.5, 1(117.0,122.0,0)105.5, 1(122.0,126.6,0)115.5
1(110.0,116.2,0)304.5, 1(117.0,122.0,0)105.5, 1(122.0,126.6,0)115.5
1(110.9,113.6,0)304.8, 1(119.3,123.3,0)107.1, 1(115.7,112.0,0)76.1
1(110.0,116.2,0)304.5, 1(117.0,122.0,0)105.5, 1(122.0,126.6,0)115.5
1(110.0,116.2,0)304.5, 1(117.0,122.0,0)105.5, 1(122.0,126.6,0)115.5
1(110.9,113.6,0)304.8, 1(119.3,123.3,0)107.1, 1(115.7,112.0,0)76.1
1(110.0,116.2,0)304.5, 1(117.0,122.0,0)105.5, 1(122.0,126.6,0)115.5
1(110.0,116.2,0)304.5, 1(117.0,122.0,0)105.5, 1(122.0,126.6,0)115.5
1(110.0,116.2,0)304.5, 1(117.0,122.0,0)105.5, 1(122.0,126.6,0)115.5
1(105.9,118.6,0)288.7, 1(113.2,117.0,0)76.1, 1(122.8,118.4,0)93.7
1(110.9,113.6,0)304.8, 1(119.3,123.3,0)107.1, 1(115.7,112.0,0)76.1