1(109.2,118.8,0)300.1
1(109.2,118.8,0)300.1
7(110.2,77.7,0)20.7, 7(131.1,73.9,0)4.6
1(116.1,126.7,0)151.0, 1(104.7,113.6,0)304.0
1(116.9,124.8,0)125.7
7(131.9,91.9,0)16.9, 7(139.7,80.8,0)25.9, 7(122.0,126.6,0)115.5
7(115.7,112.0,0)76.1, 7(134.8,84.3,0)18.7, 7(116.4,74.4,0)22.6
7(110.2,77.7,0)20.7, 7(131.1,73.9,0)4.6, 7(105.8,71.0,0)11.2
7(104.6,75.8,0)10.6
1(116.1,126.7,0)151.0, 1(104.7,113.6,0)304.0
7(115.7,112.0,0)76.1
1(116.1,126.7,0)151.0
1(116.9,124.8,0)125.7
1(116.1,126.7,0)151.0, 1(104.7,113.6,0)304.0, 1(108.8,108.6,0)303.1
7(139.7,80.8,0)25.9
1(116.9,124.8,0)125.7
1(116.1,126.7,0)151.0, 1(104.7,113.6,0)304.0
7(115.7,112.0,0)76.1, 7(134.8,84.3,0)18.7
1(116.9,124.8,0)125.7
7(131.9,91.9,0)16.9
1(109.2,118.8,0)300.1, 1(114.8,120.7,0)103.7, 1(103.4,116.0,0)298.3
1(112.5,123.1,0)164.2, 1(103.4,116.0,0)298.3, 1(107.2,110.9,0)304.8
1(116.1,126.7,0)151.0
1(112.5,123.1,0)164.2, 1(103.4,116.0,0)298.3, 1(115.7,112.0,0)76.1
1(116.1,126.7,0)151.0, 1(104.7,113.6,0)304.0, 1(128.4,121.1,0)99.1
1(109.2,118.8,0)300.1, 1(114.8,120.7,0)103.7
7(131.9,91.9,0)16.9, 7(139.7,80.8,0)25.9, 7(118.2,70.7,0)22.5
1(116.9,124.8,0)125.7
1(116.9,124.8,0)125.7, 1(112.4,119.6,0)102.3, 1(128.3,118.0,0)91.6
1(112.5,123.1,0)164.2
1(116.1,126.7,0)151.0, 1(104.7,113.6,0)304.0
1(116.9,124.8,0)125.7
1(116.9,124.8,0)125.7, 1(112.4,119.6,0)102.3, 1(128.3,118.0,0)91.6
7(135.4,78.3,0)15.4
1(116.9,124.8,0)125.7
7(131.9,91.9,0)16.9
7(131.9,91.9,0)16.9
7(131.9,91.9,0)16.9
1(116.9,124.8,0)125.7
1(116.9,124.8,0)125.7
7(131.9,91.9,0)16.9
7(115.7,112.0,0)76.1, 7(134.8,84.3,0)18.7
1(112.5,123.1,0)164.2, 1(103.4,116.0,0)298.3, 1(115.7,112.0,0)76.1
7(115.7,112.0,0)76.1
1(112.5,123.1,0)164.2
1(116.9,124.8,0)125.7
1(116.1,126.7,0)151.0, 1(104.7,113.6,0)304.0, 1(128.4,121.1,0)99.1
1(116.1,126.7,0)151.0