5(130.6,77.9,0)4.4, 5(122.1,88.1,0)11.6, 5(124.3,83.0,0)9.8
5(130.6,77.9,0)4.4, 5(122.1,88.1,0)11.6, 5(124.3,83.0,0)9.8
5(130.6,77.9,0)4.4, 5(122.1,88.1,0)11.6, 5(124.3,83.0,0)9.8
5(130.6,77.9,0)4.4, 5(122.1,88.1,0)11.6, 5(124.3,83.0,0)9.8
5(130.6,77.9,0)4.4, 5(122.1,88.1,0)11.6, 5(124.3,83.0,0)9.8
5(130.6,77.9,0)4.4, 5(122.1,88.1,0)11.6, 5(124.3,83.0,0)9.8
5(130.6,77.9,0)4.4, 5(122.1,88.1,0)11.6, 5(124.3,83.0,0)9.8
5(130.6,77.9,0)4.4, 5(122.1,88.1,0)11.6, 5(124.3,83.0,0)9.8
5(130.6,77.9,0)4.4, 5(122.1,88.1,0)11.6, 5(124.3,83.0,0)9.8
5(130.6,77.9,0)4.4, 5(122.1,88.1,0)11.6, 5(124.3,83.0,0)9.8
5(130.6,77.9,0)4.4, 5(122.1,88.1,0)11.6, 5(124.3,83.0,0)9.8
5(130.6,77.9,0)4.4, 5(122.1,88.1,0)11.6, 5(124.3,83.0,0)9.8
5(130.6,77.9,0)4.4, 5(122.1,88.1,0)11.6, 5(124.3,83.0,0)9.8
5(130.6,77.9,0)4.4, 5(122.1,88.1,0)11.6, 5(124.3,83.0,0)9.8
5(130.6,77.9,0)4.4, 5(122.1,88.1,0)11.6, 5(124.3,83.0,0)9.8
5(130.6,77.9,0)4.4, 5(122.1,88.1,0)11.6, 5(124.3,83.0,0)9.8
5(130.6,77.9,0)4.4, 5(122.1,88.1,0)11.6, 5(124.3,83.0,0)9.8
5(130.6,77.9,0)4.4, 5(122.1,88.1,0)11.6, 5(124.3,83.0,0)9.8
5(130.6,77.9,0)4.4, 5(122.1,88.1,0)11.6, 5(124.3,83.0,0)9.8
5(130.6,77.9,0)4.4, 5(122.1,88.1,0)11.6, 5(124.3,83.0,0)9.8
3(122.1,88.1,0)11.6, 3(130.6,77.9,0)4.4, 3(124.3,83.0,0)9.8
5(130.6,77.9,0)4.4, 5(122.1,88.1,0)11.6, 5(124.3,83.0,0)9.8
5(130.6,77.9,0)4.4, 5(122.1,88.1,0)11.6, 5(124.3,83.0,0)9.8
5(130.6,77.9,0)4.4, 5(122.1,88.1,0)11.6, 5(124.3,83.0,0)9.8
5(130.6,77.9,0)4.4, 5(122.1,88.1,0)11.6, 5(124.3,83.0,0)9.8
5(130.6,77.9,0)4.4, 5(122.1,88.1,0)11.6, 5(124.3,83.0,0)9.8
5(130.6,77.9,0)4.4, 5(122.1,88.1,0)11.6, 5(124.3,83.0,0)9.8
5(130.6,77.9,0)4.4, 5(122.1,88.1,0)11.6, 5(124.3,83.0,0)9.8
5(130.6,77.9,0)4.4, 5(122.1,88.1,0)11.6, 5(124.3,83.0,0)9.8
5(130.6,77.9,0)4.4, 5(122.1,88.1,0)11.6, 5(124.3,83.0,0)9.8
5(130.6,77.9,0)4.4, 5(122.1,88.1,0)11.6, 5(124.6,88.5,0)8.3
5(130.6,77.9,0)4.4, 5(122.1,88.1,0)11.6, 5(124.3,83.0,0)9.8
5(130.6,77.9,0)4.4, 5(122.1,88.1,0)11.6, 5(124.6,88.5,0)8.3
5(130.6,77.9,0)4.4, 5(122.1,88.1,0)11.6, 5(124.3,83.0,0)9.8
5(130.6,77.9,0)4.4, 5(122.1,88.1,0)11.6, 5(124.3,83.0,0)9.8
5(130.6,77.9,0)4.4, 5(122.1,88.1,0)11.6, 5(124.3,83.0,0)9.8
5(130.6,77.9,0)4.4, 5(122.1,88.1,0)11.6, 5(124.3,83.0,0)9.8
5(130.6,77.9,0)4.4, 5(122.1,88.1,0)11.6, 5(124.3,83.0,0)9.8
5(130.6,77.9,0)4.4, 5(122.1,88.1,0)11.6, 5(124.3,83.0,0)9.8
5(130.6,77.9,0)4.4, 5(122.1,88.1,0)11.6, 5(124.3,83.0,0)9.8
5(130.6,77.9,0)4.4, 5(122.1,88.1,0)11.6, 5(124.3,83.0,0)9.8
3(122.1,88.1,0)11.6, 3(130.6,77.9,0)4.4, 3(124.3,83.0,0)9.8
5(130.6,77.9,0)4.4, 5(122.1,88.1,0)11.6, 5(124.3,83.0,0)9.8
5(130.6,77.9,0)4.4, 5(122.1,88.1,0)11.6, 5(124.3,83.0,0)9.8
5(130.6,77.9,0)4.4, 5(122.1,88.1,0)11.6, 5(124.3,83.0,0)9.8
5(130.6,77.9,0)4.4, 5(122.1,88.1,0)11.6, 5(124.6,88.5,0)8.3
5(130.6,77.9,0)4.4, 5(122.1,88.1,0)11.6, 5(124.3,83.0,0)9.8
5(130.6,77.9,0)4.4, 5(122.1,88.1,0)11.6, 5(124.3,83.0,0)9.8
5(130.6,77.9,0)4.4, 5(122.1,88.1,0)11.6, 5(124.3,83.0,0)9.8
5(130.6,77.9,0)4.4, 5(122.1,88.1,0)11.6, 5(124.3,83.0,0)9.8
5(130.6,77.9,0)4.4, 5(122.1,88.1,0)11.6, 5(124.6,88.5,0)8.3
5(130.6,77.9,0)4.4, 5(122.1,88.1,0)11.6, 5(124.3,83.0,0)9.8
5(130.6,77.9,0)4.4, 5(122.1,88.1,0)11.6, 5(124.3,83.0,0)9.8
5(130.6,77.9,0)4.4, 5(122.1,88.1,0)11.6, 5(124.3,83.0,0)9.8
5(130.6,77.9,0)4.4, 5(122.1,88.1,0)11.6, 5(124.6,88.5,0)8.3
5(130.6,77.9,0)4.4, 5(122.1,88.1,0)11.6, 5(124.3,83.0,0)9.8
5(130.6,77.9,0)4.4, 5(122.1,88.1,0)11.6, 5(124.3,83.0,0)9.8
5(130.6,77.9,0)4.4, 5(122.1,88.1,0)11.6, 5(124.3,83.0,0)9.8
5(130.6,77.9,0)4.4, 5(122.1,88.1,0)11.6, 5(124.3,83.0,0)9.8
5(130.6,77.9,0)4.4, 5(122.1,88.1,0)11.6, 5(124.6,88.5,0)8.3
5(130.6,77.9,0)4.4, 5(122.1,88.1,0)11.6, 5(124.3,83.0,0)9.8
5(130.6,77.9,0)4.4, 5(122.1,88.1,0)11.6, 5(124.3,83.0,0)9.8
5(130.6,77.9,0)4.4, 5(122.1,88.1,0)11.6, 5(124.3,83.0,0)9.8
5(130.6,77.9,0)4.4, 5(122.1,88.1,0)11.6, 5(124.3,83.0,0)9.8
5(130.6,77.9,0)4.4, 5(122.1,88.1,0)11.6, 5(124.3,83.0,0)9.8
5(130.6,77.9,0)4.4, 5(122.1,88.1,0)11.6, 5(124.3,83.0,0)9.8
5(130.6,77.9,0)4.4, 5(122.1,88.1,0)11.6, 5(124.3,83.0,0)9.8
5(130.6,77.9,0)4.4, 5(122.1,88.1,0)11.6, 5(124.3,83.0,0)9.8
5(130.6,77.9,0)4.4, 5(122.1,88.1,0)11.6, 5(124.3,83.0,0)9.8
5(130.6,77.9,0)4.4, 5(122.1,88.1,0)11.6, 5(124.3,83.0,0)9.8
5(130.6,77.9,0)4.4, 5(122.1,88.1,0)11.6, 5(124.3,83.0,0)9.8
5(130.6,77.9,0)4.4, 5(122.1,88.1,0)11.6, 5(124.3,83.0,0)9.8
3(122.1,88.1,0)11.6, 3(130.6,77.9,0)4.4, 3(124.3,83.0,0)9.8
3(122.1,88.1,0)11.6, 3(130.6,77.9,0)4.4, 3(124.3,83.0,0)9.8
5(130.6,77.9,0)4.4, 5(122.1,88.1,0)11.6, 5(124.3,83.0,0)9.8
5(130.6,77.9,0)4.4, 5(122.1,88.1,0)11.6, 5(124.3,83.0,0)9.8
5(130.6,77.9,0)4.4, 5(122.1,88.1,0)11.6, 5(124.3,83.0,0)9.8
5(130.6,77.9,0)4.4, 5(122.1,88.1,0)11.6, 5(124.3,83.0,0)9.8
5(130.6,77.9,0)4.4, 5(122.1,88.1,0)11.6, 5(124.3,83.0,0)9.8
5(130.6,77.9,0)4.4, 5(122.1,88.1,0)11.6, 5(124.3,83.0,0)9.8
5(130.6,77.9,0)4.4, 5(122.1,88.1,0)11.6, 5(124.3,83.0,0)9.8
5(130.6,77.9,0)4.4, 5(122.1,88.1,0)11.6, 5(124.3,83.0,0)9.8
5(130.6,77.9,0)4.4, 5(122.1,88.1,0)11.6, 5(124.3,83.0,0)9.8
5(130.6,77.9,0)4.4, 5(122.1,88.1,0)11.6, 5(124.3,83.0,0)9.8
5(130.6,77.9,0)4.4, 5(122.1,88.1,0)11.6, 5(124.3,83.0,0)9.8
5(130.6,77.9,0)4.4, 5(122.1,88.1,0)11.6, 5(124.3,83.0,0)9.8
5(130.6,77.9,0)4.4, 5(122.1,88.1,0)11.6, 5(124.3,83.0,0)9.8
5(130.6,77.9,0)4.4, 5(122.1,88.1,0)11.6, 5(124.3,83.0,0)9.8
5(130.6,77.9,0)4.4, 5(122.1,88.1,0)11.6, 5(124.3,83.0,0)9.8
5(130.6,77.9,0)4.4, 5(122.1,88.1,0)11.6, 5(124.3,83.0,0)9.8
5(130.6,77.9,0)4.4, 5(122.1,88.1,0)11.6, 5(124.3,83.0,0)9.8
5(130.6,77.9,0)4.4, 5(122.1,88.1,0)11.6, 5(124.3,83.0,0)9.8
5(130.6,77.9,0)4.4, 5(122.1,88.1,0)11.6, 5(124.3,83.0,0)9.8
5(130.6,77.9,0)4.4, 5(122.1,88.1,0)11.6, 5(124.3,83.0,0)9.8
5(130.6,77.9,0)4.4, 5(122.1,88.1,0)11.6, 5(124.3,83.0,0)9.8
5(130.6,77.9,0)4.4, 5(122.1,88.1,0)11.6, 5(124.3,83.0,0)9.8
5(130.6,77.9,0)4.4, 5(122.1,88.1,0)11.6, 5(124.3,83.0,0)9.8
5(130.6,77.9,0)4.4, 5(122.1,88.1,0)11.6, 5(124.3,83.0,0)9.8
5(130.6,77.9,0)4.4, 5(122.1,88.1,0)11.6, 5(124.3,83.0,0)9.8
5(130.6,77.9,0)4.4, 5(122.1,88.1,0)11.6, 5(124.3,83.0,0)9.8