7(116.4,74.4,0)22.6
7(122.4,70.9,0)18.5
7(111.9,72.0,0)20.3
1(116.1,126.7,0)151.0, 1(104.7,113.6,0)304.0
7(116.4,74.4,0)22.6, 7(131.5,121.8,0)99.5
1(109.2,118.8,0)300.1
7(118.2,70.7,0)22.5
7(116.4,74.4,0)22.6, 7(131.5,121.8,0)99.5, 7(122.4,70.9,0)18.5
1(109.2,118.8,0)300.1
7(120.9,75.7,0)18.4, 7(91.9,101.5,0)304.9, 7(127.0,71.9,0)8.4
7(116.4,74.4,0)22.6, 7(131.5,121.8,0)99.5
7(120.9,75.7,0)18.4
7(120.9,75.7,0)18.4, 7(91.9,101.5,0)304.9, 7(127.0,71.9,0)8.4
1(110.0,116.2,0)304.5, 1(85.6,109.5,0)292.9, 1(104.7,113.6,0)304.0
1(110.9,113.6,0)304.8, 1(79.8,112.7,0)284.1, 1(83.0,113.6,0)283.8
7(118.2,70.7,0)22.5, 7(131.9,91.9,0)16.9, 7(116.4,74.4,0)22.6
7(116.4,74.4,0)22.6, 7(118.2,70.7,0)22.5, 7(131.9,91.9,0)16.9
1(110.9,113.6,0)304.8
7(116.4,74.4,0)22.6
7(116.4,74.4,0)22.6
7(118.2,70.7,0)22.5, 7(116.4,74.4,0)22.6, 7(131.9,91.9,0)16.9
7(122.4,70.9,0)18.5, 7(120.9,75.7,0)18.4, 7(115.7,112.0,0)76.1
1(109.2,118.8,0)300.1
7(120.9,75.7,0)18.4
1(110.9,113.6,0)304.8, 1(79.8,112.7,0)284.1
7(122.4,70.9,0)18.5, 7(120.9,75.7,0)18.4, 7(115.7,112.0,0)76.1
7(116.4,74.4,0)22.6
1(109.2,118.8,0)300.1
1(116.1,126.7,0)151.0
7(130.6,77.9,0)4.4
1(109.2,118.8,0)300.1
1(110.0,116.2,0)304.5, 1(104.7,113.6,0)304.0
1(109.2,118.8,0)300.1
1(110.0,116.2,0)304.5