1(110.9,113.6,0)304.8
1(116.9,124.8,0)125.7, 1(112.4,119.6,0)102.3, 1(96.6,106.6,0)304.6
1(109.2,118.8,0)300.1
1(109.2,118.8,0)300.1
7(131.5,121.8,0)99.5
7(104.6,75.8,0)10.6, 7(139.7,80.8,0)25.9
1(110.0,116.2,0)304.5
1(110.0,116.2,0)304.5, 1(104.7,113.6,0)304.0
7(131.5,121.8,0)99.5, 7(134.8,84.3,0)18.7, 7(111.9,72.0,0)20.3
1(116.9,124.8,0)125.7, 1(112.4,119.6,0)102.3, 1(102.6,118.6,0)283.5
7(122.0,126.6,0)115.5
1(116.9,124.8,0)125.7, 1(112.4,119.6,0)102.3, 1(96.6,106.6,0)304.6
7(115.7,112.0,0)76.1, 7(122.0,126.6,0)115.5
1(112.5,123.1,0)164.2
7(122.0,126.6,0)115.5, 7(115.7,112.0,0)76.1
1(109.2,118.8,0)300.1
7(131.5,121.8,0)99.5
7(122.0,126.6,0)115.5
7(122.0,126.6,0)115.5, 7(91.9,101.5,0)304.9, 7(105.8,71.0,0)11.2
1(110.0,116.2,0)304.5
1(109.2,118.8,0)300.1, 1(114.8,120.7,0)103.7, 1(95.2,109.7,0)301.6
1(112.5,123.1,0)164.2
1(109.2,118.8,0)300.1, 1(114.8,120.7,0)103.7, 1(103.4,116.0,0)298.3
7(131.5,121.8,0)99.5, 7(134.8,84.3,0)18.7, 7(111.9,72.0,0)20.3
1(116.9,124.8,0)125.7, 1(112.4,119.6,0)102.3, 1(102.6,118.6,0)283.5
7(122.0,126.6,0)115.5, 7(115.7,112.0,0)76.1, 7(140.1,87.6,0)31.5
7(131.5,121.8,0)99.5, 7(134.8,84.3,0)18.7, 7(111.9,72.0,0)20.3
7(131.9,91.9,0)16.9
7(115.7,112.0,0)76.1
7(105.8,71.0,0)11.2, 7(122.0,126.6,0)115.5, 7(91.9,101.5,0)304.9
7(122.0,126.6,0)115.5
1(109.2,118.8,0)300.1, 1(103.4,116.0,0)298.3, 1(114.8,120.7,0)103.7
1(112.5,123.1,0)164.2
1(116.9,124.8,0)125.7, 1(112.4,119.6,0)102.3, 1(96.6,106.6,0)304.6
1(116.1,126.7,0)151.0
7(105.8,71.0,0)11.2
1(116.9,124.8,0)125.7, 1(102.6,118.6,0)283.5
7(131.5,121.8,0)99.5, 7(134.8,84.3,0)18.7