3(111.9,72.0,0)20.3, 3(123.2,91.6,0)264.6, 3(130.6,77.9,0)4.4
3(111.9,72.0,0)20.3, 3(123.2,91.6,0)264.6, 3(130.9,88.1,0)7.3
3(111.9,72.0,0)20.3, 3(123.2,91.6,0)264.6, 3(130.6,77.9,0)4.4
3(111.9,72.0,0)20.3, 3(123.2,91.6,0)264.6, 3(130.6,77.9,0)4.4
3(111.9,72.0,0)20.3, 3(123.2,91.6,0)264.6, 3(130.9,88.1,0)7.3
3(111.9,72.0,0)20.3, 3(123.2,91.6,0)264.6, 3(130.6,77.9,0)4.4
3(111.9,72.0,0)20.3, 3(123.2,91.6,0)264.6, 3(130.9,88.1,0)7.3
3(111.9,72.0,0)20.3, 3(123.2,91.6,0)264.6, 3(130.9,88.1,0)7.3
3(111.9,72.0,0)20.3, 3(123.2,91.6,0)264.6, 3(130.9,88.1,0)7.3
3(111.9,72.0,0)20.3, 3(123.2,91.6,0)264.6, 3(130.9,88.1,0)7.3
3(111.9,72.0,0)20.3, 3(123.2,91.6,0)264.6, 3(130.9,88.1,0)7.3
3(111.9,72.0,0)20.3, 3(123.2,91.6,0)264.6, 3(130.6,77.9,0)4.4
3(111.9,72.0,0)20.3, 3(123.2,91.6,0)264.6, 3(130.9,88.1,0)7.3
3(111.9,72.0,0)20.3, 3(123.2,91.6,0)264.6, 3(130.9,88.1,0)7.3
3(111.9,72.0,0)20.3, 3(123.2,91.6,0)264.6, 3(130.6,77.9,0)4.4
3(111.9,72.0,0)20.3, 3(123.2,91.6,0)264.6, 3(130.9,88.1,0)7.3
3(111.9,72.0,0)20.3, 3(123.2,91.6,0)264.6, 3(130.9,88.1,0)7.3
3(111.9,72.0,0)20.3, 3(123.2,91.6,0)264.6, 3(130.9,88.1,0)7.3
3(111.9,72.0,0)20.3, 3(123.2,91.6,0)264.6, 3(130.9,88.1,0)7.3
3(111.9,72.0,0)20.3, 3(123.2,91.6,0)264.6, 3(130.9,88.1,0)7.3
3(111.9,72.0,0)20.3, 3(123.2,91.6,0)264.6, 3(130.9,88.1,0)7.3
3(111.9,72.0,0)20.3, 3(123.2,91.6,0)264.6, 3(130.9,88.1,0)7.3
3(111.9,72.0,0)20.3, 3(123.2,91.6,0)264.6, 3(130.9,88.1,0)7.3
3(111.9,72.0,0)20.3, 3(123.2,91.6,0)264.6, 3(130.6,77.9,0)4.4
3(111.9,72.0,0)20.3, 3(123.2,91.6,0)264.6, 3(130.6,77.9,0)4.4
3(111.9,72.0,0)20.3, 3(123.2,91.6,0)264.6, 3(130.9,88.1,0)7.3
3(111.9,72.0,0)20.3, 3(123.2,91.6,0)264.6, 3(130.6,77.9,0)4.4
3(111.9,72.0,0)20.3, 3(123.2,91.6,0)264.6, 3(130.6,77.9,0)4.4
3(111.9,72.0,0)20.3, 3(123.2,91.6,0)264.6, 3(130.6,77.9,0)4.4
3(111.9,72.0,0)20.3, 3(123.2,91.6,0)264.6, 3(130.6,77.9,0)4.4
3(111.9,72.0,0)20.3, 3(123.2,91.6,0)264.6, 3(130.6,77.9,0)4.4
3(111.9,72.0,0)20.3, 3(123.2,91.6,0)264.6, 3(130.9,88.1,0)7.3
3(111.9,72.0,0)20.3, 3(123.2,91.6,0)264.6, 3(130.6,77.9,0)4.4
3(111.9,72.0,0)20.3, 3(123.2,91.6,0)264.6, 3(130.6,77.9,0)4.4
3(111.9,72.0,0)20.3, 3(123.2,91.6,0)264.6, 3(130.6,77.9,0)4.4
3(111.9,72.0,0)20.3, 3(123.2,91.6,0)264.6, 3(130.9,88.1,0)7.3
3(111.9,72.0,0)20.3, 3(123.2,91.6,0)264.6, 3(130.9,88.1,0)7.3
3(111.9,72.0,0)20.3, 3(123.2,91.6,0)264.6, 3(130.9,88.1,0)7.3
3(111.9,72.0,0)20.3, 3(123.2,91.6,0)264.6, 3(130.9,88.1,0)7.3
3(111.9,72.0,0)20.3, 3(123.2,91.6,0)264.6, 3(130.9,88.1,0)7.3
3(111.9,72.0,0)20.3, 3(123.2,91.6,0)264.6, 3(130.6,77.9,0)4.4
3(111.9,72.0,0)20.3, 3(123.2,91.6,0)264.6, 3(130.9,88.1,0)7.3
3(111.9,72.0,0)20.3, 3(123.2,91.6,0)264.6, 3(130.9,88.1,0)7.3
3(111.9,72.0,0)20.3, 3(123.2,91.6,0)264.6, 3(130.9,88.1,0)7.3
3(111.9,72.0,0)20.3, 3(123.2,91.6,0)264.6, 3(130.6,77.9,0)4.4
3(111.9,72.0,0)20.3, 3(123.2,91.6,0)264.6, 3(130.6,77.9,0)4.4
3(111.9,72.0,0)20.3, 3(123.2,91.6,0)264.6, 3(130.6,77.9,0)4.4
3(111.9,72.0,0)20.3, 3(123.2,91.6,0)264.6, 3(130.6,77.9,0)4.4
3(111.9,72.0,0)20.3, 3(123.2,91.6,0)264.6, 3(130.9,88.1,0)7.3
3(111.9,72.0,0)20.3, 3(123.2,91.6,0)264.6, 3(130.9,88.1,0)7.3
3(111.9,72.0,0)20.3, 3(123.2,91.6,0)264.6, 3(130.9,88.1,0)7.3
3(111.9,72.0,0)20.3, 3(123.2,91.6,0)264.6, 3(130.9,88.1,0)7.3
3(111.9,72.0,0)20.3, 3(123.2,91.6,0)264.6, 3(130.6,77.9,0)4.4
3(111.9,72.0,0)20.3, 3(123.2,91.6,0)264.6, 3(130.9,88.1,0)7.3
3(111.9,72.0,0)20.3, 3(123.2,91.6,0)264.6, 3(130.6,77.9,0)4.4
3(111.9,72.0,0)20.3, 3(123.2,91.6,0)264.6, 3(130.6,77.9,0)4.4
3(111.9,72.0,0)20.3, 3(123.2,91.6,0)264.6, 3(130.6,77.9,0)4.4
3(111.9,72.0,0)20.3, 3(123.2,91.6,0)264.6, 3(130.9,88.1,0)7.3
3(111.9,72.0,0)20.3, 3(123.2,91.6,0)264.6, 3(130.6,77.9,0)4.4
3(111.9,72.0,0)20.3, 3(123.2,91.6,0)264.6, 3(130.9,88.1,0)7.3
3(111.9,72.0,0)20.3, 3(123.2,91.6,0)264.6, 3(130.6,77.9,0)4.4
3(111.9,72.0,0)20.3, 3(123.2,91.6,0)264.6, 3(130.9,88.1,0)7.3
3(111.9,72.0,0)20.3, 3(123.2,91.6,0)264.6, 3(130.9,88.1,0)7.3
3(111.9,72.0,0)20.3, 3(123.2,91.6,0)264.6, 3(130.9,88.1,0)7.3
3(111.9,72.0,0)20.3, 3(123.2,91.6,0)264.6, 3(130.9,88.1,0)7.3
3(111.9,72.0,0)20.3, 3(123.2,91.6,0)264.6, 3(130.9,88.1,0)7.3
3(111.9,72.0,0)20.3, 3(123.2,91.6,0)264.6, 3(130.9,88.1,0)7.3
3(111.9,72.0,0)20.3, 3(123.2,91.6,0)264.6, 3(130.9,88.1,0)7.3
3(111.9,72.0,0)20.3, 3(123.2,91.6,0)264.6, 3(130.9,88.1,0)7.3
3(111.9,72.0,0)20.3, 3(123.2,91.6,0)264.6, 3(130.9,88.1,0)7.3
3(111.9,72.0,0)20.3, 3(123.2,91.6,0)264.6, 3(130.6,77.9,0)4.4
3(111.9,72.0,0)20.3, 3(123.2,91.6,0)264.6, 3(130.9,88.1,0)7.3
3(111.9,72.0,0)20.3, 3(123.2,91.6,0)264.6, 3(130.9,88.1,0)7.3
3(111.9,72.0,0)20.3, 3(123.2,91.6,0)264.6, 3(130.9,88.1,0)7.3
3(111.9,72.0,0)20.3, 3(123.2,91.6,0)264.6, 3(130.9,88.1,0)7.3
3(111.9,72.0,0)20.3, 3(123.2,91.6,0)264.6, 3(130.6,77.9,0)4.4
3(111.9,72.0,0)20.3, 3(123.2,91.6,0)264.6, 3(130.9,88.1,0)7.3
3(111.9,72.0,0)20.3, 3(123.2,91.6,0)264.6, 3(130.6,77.9,0)4.4
3(111.9,72.0,0)20.3, 3(123.2,91.6,0)264.6, 3(130.9,88.1,0)7.3
3(111.9,72.0,0)20.3, 3(123.2,91.6,0)264.6, 3(130.9,88.1,0)7.3
3(111.9,72.0,0)20.3, 3(123.2,91.6,0)264.6, 3(130.6,77.9,0)4.4
3(111.9,72.0,0)20.3, 3(123.2,91.6,0)264.6, 3(130.9,88.1,0)7.3
3(111.9,72.0,0)20.3, 3(123.2,91.6,0)264.6, 3(130.6,77.9,0)4.4
3(111.9,72.0,0)20.3, 3(123.2,91.6,0)264.6, 3(130.6,77.9,0)4.4
3(111.9,72.0,0)20.3, 3(123.2,91.6,0)264.6, 3(130.6,77.9,0)4.4
3(111.9,72.0,0)20.3, 3(123.2,91.6,0)264.6, 3(130.9,88.1,0)7.3
3(111.9,72.0,0)20.3, 3(123.2,91.6,0)264.6, 3(130.6,77.9,0)4.4
3(111.9,72.0,0)20.3, 3(123.2,91.6,0)264.6, 3(130.6,77.9,0)4.4
3(111.9,72.0,0)20.3, 3(123.2,91.6,0)264.6, 3(130.6,77.9,0)4.4
3(111.9,72.0,0)20.3, 3(123.2,91.6,0)264.6, 3(130.6,77.9,0)4.4
3(111.9,72.0,0)20.3, 3(123.2,91.6,0)264.6, 3(130.6,77.9,0)4.4
3(111.9,72.0,0)20.3, 3(123.2,91.6,0)264.6, 3(130.9,88.1,0)7.3
3(111.9,72.0,0)20.3, 3(123.2,91.6,0)264.6, 3(130.6,77.9,0)4.4
3(111.9,72.0,0)20.3, 3(123.2,91.6,0)264.6, 3(130.6,77.9,0)4.4
3(111.9,72.0,0)20.3, 3(123.2,91.6,0)264.6, 3(130.6,77.9,0)4.4
3(111.9,72.0,0)20.3, 3(123.2,91.6,0)264.6, 3(130.6,77.9,0)4.4
3(111.9,72.0,0)20.3, 3(123.2,91.6,0)264.6, 3(130.6,77.9,0)4.4
3(111.9,72.0,0)20.3, 3(123.2,91.6,0)264.6, 3(130.6,77.9,0)4.4
3(111.9,72.0,0)20.3, 3(123.2,91.6,0)264.6, 3(130.9,88.1,0)7.3
3(111.9,72.0,0)20.3, 3(123.2,91.6,0)264.6, 3(130.9,88.1,0)7.3