1(109.2,118.8,0)300.1, 1(112.4,119.6,0)102.3, 1(114.8,120.7,0)103.7
1(109.2,118.8,0)300.1, 1(112.4,119.6,0)102.3, 1(114.8,120.7,0)103.7
7(120.9,75.7,0)18.4
1(109.2,118.8,0)300.1, 1(112.4,119.6,0)102.3, 1(114.8,120.7,0)103.7
1(109.2,118.8,0)300.1, 1(112.4,119.6,0)102.3, 1(114.8,120.7,0)103.7
1(109.2,118.8,0)300.1, 1(112.4,119.6,0)102.3, 1(114.8,120.7,0)103.7
7(120.9,75.7,0)18.4, 7(115.3,80.0,0)22.3
1(109.2,118.8,0)300.1, 1(112.4,119.6,0)102.3, 1(114.8,120.7,0)103.7
1(109.2,118.8,0)300.1, 1(112.4,119.6,0)102.3, 1(114.8,120.7,0)103.7
7(120.9,75.7,0)18.4
1(109.2,118.8,0)300.1, 1(112.4,119.6,0)102.3, 1(114.8,120.7,0)103.7
1(109.2,118.8,0)300.1, 1(112.4,119.6,0)102.3, 1(114.8,120.7,0)103.7
1(109.2,118.8,0)300.1, 1(112.4,119.6,0)102.3, 1(114.8,120.7,0)103.7
1(109.2,118.8,0)300.1, 1(112.4,119.6,0)102.3, 1(114.8,120.7,0)103.7
7(120.9,75.7,0)18.4, 7(115.3,80.0,0)22.3, 7(112.5,123.1,0)164.2
1(109.2,118.8,0)300.1, 1(112.4,119.6,0)102.3, 1(114.8,120.7,0)103.7
1(109.2,118.8,0)300.1, 1(112.4,119.6,0)102.3, 1(114.8,120.7,0)103.7
1(109.2,118.8,0)300.1, 1(112.4,119.6,0)102.3, 1(114.8,120.7,0)103.7
7(120.9,75.7,0)18.4, 7(115.3,80.0,0)22.3
1(109.2,118.8,0)300.1, 1(112.4,119.6,0)102.3, 1(114.8,120.7,0)103.7
1(109.2,118.8,0)300.1, 1(112.4,119.6,0)102.3, 1(114.8,120.7,0)103.7
1(109.2,118.8,0)300.1, 1(112.4,119.6,0)102.3, 1(114.8,120.7,0)103.7
7(120.9,75.7,0)18.4, 7(115.3,80.0,0)22.3, 7(112.5,123.1,0)164.2
1(109.2,118.8,0)300.1, 1(112.4,119.6,0)102.3, 1(114.8,120.7,0)103.7
1(109.2,118.8,0)300.1, 1(112.4,119.6,0)102.3, 1(114.8,120.7,0)103.7
7(120.9,75.7,0)18.4, 7(115.3,80.0,0)22.3, 7(112.5,123.1,0)164.2
1(109.2,118.8,0)300.1, 1(112.4,119.6,0)102.3, 1(114.8,120.7,0)103.7
1(109.2,118.8,0)300.1, 1(112.4,119.6,0)102.3, 1(114.8,120.7,0)103.7
7(120.9,75.7,0)18.4, 7(115.3,80.0,0)22.3, 7(112.5,123.1,0)164.2
1(109.2,118.8,0)300.1, 1(112.4,119.6,0)102.3, 1(114.8,120.7,0)103.7
1(109.2,118.8,0)300.1, 1(112.4,119.6,0)102.3, 1(114.8,120.7,0)103.7
7(120.9,75.7,0)18.4
1(109.2,118.8,0)300.1, 1(112.4,119.6,0)102.3, 1(114.8,120.7,0)103.7
1(109.2,118.8,0)300.1, 1(112.4,119.6,0)102.3, 1(114.8,120.7,0)103.7
1(109.2,118.8,0)300.1, 1(112.4,119.6,0)102.3, 1(114.8,120.7,0)103.7
7(120.9,75.7,0)18.4
1(109.2,118.8,0)300.1, 1(112.4,119.6,0)102.3, 1(114.8,120.7,0)103.7
1(109.2,118.8,0)300.1, 1(112.4,119.6,0)102.3, 1(114.8,120.7,0)103.7
1(109.2,118.8,0)300.1, 1(112.4,119.6,0)102.3, 1(114.8,120.7,0)103.7
1(109.2,118.8,0)300.1, 1(112.4,119.6,0)102.3, 1(114.8,120.7,0)103.7
1(109.2,118.8,0)300.1, 1(112.4,119.6,0)102.3, 1(114.8,120.7,0)103.7
1(109.2,118.8,0)300.1, 1(112.4,119.6,0)102.3, 1(114.8,120.7,0)103.7
7(120.9,75.7,0)18.4, 7(115.3,80.0,0)22.3
1(109.2,118.8,0)300.1, 1(112.4,119.6,0)102.3, 1(114.8,120.7,0)103.7
1(109.2,118.8,0)300.1, 1(112.4,119.6,0)102.3, 1(114.8,120.7,0)103.7
1(109.2,118.8,0)300.1, 1(112.4,119.6,0)102.3, 1(114.8,120.7,0)103.7
1(109.2,118.8,0)300.1, 1(112.4,119.6,0)102.3, 1(114.8,120.7,0)103.7
7(120.9,75.7,0)18.4
1(109.2,118.8,0)300.1, 1(112.4,119.6,0)102.3, 1(114.8,120.7,0)103.7
7(120.9,75.7,0)18.4
1(109.2,118.8,0)300.1, 1(112.4,119.6,0)102.3, 1(114.8,120.7,0)103.7
1(109.2,118.8,0)300.1, 1(112.4,119.6,0)102.3, 1(114.8,120.7,0)103.7
7(120.9,75.7,0)18.4
1(109.2,118.8,0)300.1, 1(112.4,119.6,0)102.3, 1(114.8,120.7,0)103.7
7(120.9,75.7,0)18.4, 7(115.3,80.0,0)22.3
1(109.2,118.8,0)300.1, 1(112.4,119.6,0)102.3, 1(114.8,120.7,0)103.7
1(109.2,118.8,0)300.1, 1(112.4,119.6,0)102.3, 1(114.8,120.7,0)103.7
7(120.9,75.7,0)18.4
1(109.2,118.8,0)300.1, 1(112.4,119.6,0)102.3, 1(114.8,120.7,0)103.7
7(120.9,75.7,0)18.4, 7(115.3,80.0,0)22.3, 7(112.5,123.1,0)164.2
1(109.2,118.8,0)300.1, 1(112.4,119.6,0)102.3, 1(114.8,120.7,0)103.7
1(109.2,118.8,0)300.1, 1(112.4,119.6,0)102.3, 1(114.8,120.7,0)103.7
1(109.2,118.8,0)300.1, 1(112.4,119.6,0)102.3, 1(114.8,120.7,0)103.7
1(109.2,118.8,0)300.1, 1(112.4,119.6,0)102.3, 1(114.8,120.7,0)103.7
1(109.2,118.8,0)300.1, 1(112.4,119.6,0)102.3, 1(114.8,120.7,0)103.7
1(109.2,118.8,0)300.1, 1(112.4,119.6,0)102.3, 1(114.8,120.7,0)103.7
1(109.2,118.8,0)300.1, 1(112.4,119.6,0)102.3, 1(114.8,120.7,0)103.7
7(120.9,75.7,0)18.4
1(109.2,118.8,0)300.1, 1(112.4,119.6,0)102.3, 1(114.8,120.7,0)103.7
1(109.2,118.8,0)300.1, 1(112.4,119.6,0)102.3, 1(114.8,120.7,0)103.7
7(120.9,75.7,0)18.4, 7(115.3,80.0,0)22.3, 7(112.5,123.1,0)164.2
1(109.2,118.8,0)300.1, 1(112.4,119.6,0)102.3, 1(114.8,120.7,0)103.7
1(109.2,118.8,0)300.1, 1(112.4,119.6,0)102.3, 1(114.8,120.7,0)103.7
1(109.2,118.8,0)300.1, 1(112.4,119.6,0)102.3, 1(114.8,120.7,0)103.7
1(109.2,118.8,0)300.1, 1(112.4,119.6,0)102.3, 1(114.8,120.7,0)103.7
1(109.2,118.8,0)300.1, 1(112.4,119.6,0)102.3, 1(114.8,120.7,0)103.7
1(109.2,118.8,0)300.1, 1(112.4,119.6,0)102.3, 1(114.8,120.7,0)103.7
1(109.2,118.8,0)300.1, 1(112.4,119.6,0)102.3, 1(114.8,120.7,0)103.7
1(109.2,118.8,0)300.1, 1(112.4,119.6,0)102.3, 1(114.8,120.7,0)103.7
7(120.9,75.7,0)18.4, 7(115.3,80.0,0)22.3
1(109.2,118.8,0)300.1, 1(112.4,119.6,0)102.3, 1(114.8,120.7,0)103.7
1(109.2,118.8,0)300.1, 1(112.4,119.6,0)102.3, 1(114.8,120.7,0)103.7
1(109.2,118.8,0)300.1, 1(112.4,119.6,0)102.3, 1(114.8,120.7,0)103.7
1(109.2,118.8,0)300.1, 1(112.4,119.6,0)102.3, 1(114.8,120.7,0)103.7
7(120.9,75.7,0)18.4
1(109.2,118.8,0)300.1, 1(112.4,119.6,0)102.3, 1(114.8,120.7,0)103.7
1(109.2,118.8,0)300.1, 1(112.4,119.6,0)102.3, 1(114.8,120.7,0)103.7
7(120.9,75.7,0)18.4, 7(115.3,80.0,0)22.3, 7(112.5,123.1,0)164.2
1(109.2,118.8,0)300.1, 1(112.4,119.6,0)102.3, 1(114.8,120.7,0)103.7
1(109.2,118.8,0)300.1, 1(112.4,119.6,0)102.3, 1(114.8,120.7,0)103.7
1(109.2,118.8,0)300.1, 1(112.4,119.6,0)102.3, 1(114.8,120.7,0)103.7
7(120.9,75.7,0)18.4, 7(115.3,80.0,0)22.3
1(109.2,118.8,0)300.1, 1(112.4,119.6,0)102.3, 1(114.8,120.7,0)103.7
7(120.9,75.7,0)18.4
1(109.2,118.8,0)300.1, 1(112.4,119.6,0)102.3, 1(114.8,120.7,0)103.7
1(109.2,118.8,0)300.1, 1(112.4,119.6,0)102.3, 1(114.8,120.7,0)103.7
1(109.2,118.8,0)300.1, 1(112.4,119.6,0)102.3, 1(114.8,120.7,0)103.7
7(120.9,75.7,0)18.4, 7(115.3,80.0,0)22.3, 7(112.5,123.1,0)164.2
1(109.2,118.8,0)300.1, 1(112.4,119.6,0)102.3, 1(114.8,120.7,0)103.7
7(120.9,75.7,0)18.4, 7(115.3,80.0,0)22.3, 7(112.5,123.1,0)164.2
1(109.2,118.8,0)300.1, 1(112.4,119.6,0)102.3, 1(114.8,120.7,0)103.7
1(109.2,118.8,0)300.1, 1(112.4,119.6,0)102.3, 1(114.8,120.7,0)103.7
1(109.2,118.8,0)300.1, 1(112.4,119.6,0)102.3, 1(114.8,120.7,0)103.7
7(120.9,75.7,0)18.4, 7(115.3,80.0,0)22.3, 7(112.5,123.1,0)164.2
1(109.2,118.8,0)300.1, 1(112.4,119.6,0)102.3, 1(114.8,120.7,0)103.7
7(120.9,75.7,0)18.4
1(109.2,118.8,0)300.1, 1(112.4,119.6,0)102.3, 1(114.8,120.7,0)103.7
1(109.2,118.8,0)300.1, 1(112.4,119.6,0)102.3, 1(114.8,120.7,0)103.7
1(109.2,118.8,0)300.1, 1(112.4,119.6,0)102.3, 1(114.8,120.7,0)103.7
1(109.2,118.8,0)300.1, 1(112.4,119.6,0)102.3, 1(114.8,120.7,0)103.7
1(109.2,118.8,0)300.1, 1(112.4,119.6,0)102.3, 1(114.8,120.7,0)103.7
1(109.2,118.8,0)300.1, 1(112.4,119.6,0)102.3, 1(114.8,120.7,0)103.7
1(109.2,118.8,0)300.1, 1(112.4,119.6,0)102.3, 1(114.8,120.7,0)103.7
1(109.2,118.8,0)300.1, 1(112.4,119.6,0)102.3, 1(114.8,120.7,0)103.7
1(109.2,118.8,0)300.1, 1(112.4,119.6,0)102.3, 1(114.8,120.7,0)103.7
1(109.2,118.8,0)300.1, 1(112.4,119.6,0)102.3, 1(114.8,120.7,0)103.7
1(109.2,118.8,0)300.1, 1(112.4,119.6,0)102.3, 1(114.8,120.7,0)103.7
1(109.2,118.8,0)300.1, 1(112.4,119.6,0)102.3, 1(114.8,120.7,0)103.7
1(109.2,118.8,0)300.1, 1(112.4,119.6,0)102.3, 1(114.8,120.7,0)103.7
1(109.2,118.8,0)300.1, 1(112.4,119.6,0)102.3, 1(114.8,120.7,0)103.7
7(120.9,75.7,0)18.4, 7(115.3,80.0,0)22.3
1(109.2,118.8,0)300.1, 1(112.4,119.6,0)102.3, 1(114.8,120.7,0)103.7
1(109.2,118.8,0)300.1, 1(112.4,119.6,0)102.3, 1(114.8,120.7,0)103.7
1(109.2,118.8,0)300.1, 1(112.4,119.6,0)102.3, 1(114.8,120.7,0)103.7
1(109.2,118.8,0)300.1, 1(112.4,119.6,0)102.3, 1(114.8,120.7,0)103.7
1(109.2,118.8,0)300.1, 1(112.4,119.6,0)102.3, 1(114.8,120.7,0)103.7
1(109.2,118.8,0)300.1, 1(112.4,119.6,0)102.3, 1(114.8,120.7,0)103.7
1(109.2,118.8,0)300.1, 1(112.4,119.6,0)102.3, 1(114.8,120.7,0)103.7
1(109.2,118.8,0)300.1, 1(112.4,119.6,0)102.3, 1(114.8,120.7,0)103.7
7(120.9,75.7,0)18.4, 7(115.3,80.0,0)22.3, 7(112.5,123.1,0)164.2