144.581660 72.153744
142.627128 71.564063
140.677803 71.019680
119.823272 63.707455
117.984617 63.158078
68.402803 78.064770
66.327018 77.347422
64.341092 76.512326
62.352239 75.775820
60.262166 75.202991
58.157018 74.391097
55.951490 73.878571
54.289448 74.141069
51.889405 73.466757
50.034059 73.858470
69.391689 79.831402
67.518023 80.152327
65.842187 79.745199
63.865231 78.770564
61.819104 78.002793
59.732236 77.361444
57.568779 76.800779
55.361840 75.778006
53.051209 75.130570
51.234081 75.624031
68.700034 82.129384
66.559915 81.532241
65.333346 82.145820
63.679097 81.223922
61.472780 80.276677
59.294195 79.586818
57.007087 79.310411
54.800397 78.561272
52.491868 77.067176
67.685791 84.098391
65.804590 84.177841
64.052210 83.245455
62.723030 83.457183
60.501167 82.544050
58.174917 81.723153
91.470865 84.744814
89.202333 84.473497
87.009886 83.732587
84.537396 82.831306
82.691167 82.740311
81.441035 82.228706
80.541143 80.767019
77.984970 80.072434
75.772346 78.965183
74.034354 79.326783
72.131303 78.405466
70.635418 78.437364
84.587688 84.853786
83.068249 84.744119
80.777705 84.916064
79.585704 83.014360
78.027519 81.861584
75.167622 81.047382
72.931870 80.479045
71.311436 80.656288
69.391689 79.831402
77.137691 84.788289
74.588467 84.121894
72.553653 82.546814
70.619533 82.452005
68.700034 82.129384
67.685791 84.098391
87.792136 81.424612
85.937584 80.451431
83.872314 80.068925
62.676184 73.275718
60.743401 73.019191
58.622464 72.511196
97.610168 56.835360
95.288472 56.429190
93.130724 55.977439
146.016512 68.042651
144.161155 66.927466
142.108790 66.567123
151.040265 73.336620
148.715985 73.231588
146.653906 72.447353
149.138045 71.200758
147.440459 70.021143
145.214435 70.097862
143.285458 69.353698
141.331445 68.878344
153.821226 76.689136
152.111856 75.528009
149.946714 75.560692
147.881456 75.185892
145.932947 74.566448
143.918129 74.254135
141.995320 73.692886
140.059275 73.061084
155.574263 78.928086
153.337078 78.765264
151.311420 77.951271
149.231403 77.745190
147.257329 77.255978
145.306030 76.598836
143.231691 76.483092
141.347393 75.845543
139.399296 75.049527
158.258600 82.339314
156.764444 80.954796
154.560615 81.215755
152.516954 80.789270
150.582149 80.081929
148.493916 80.003172
146.585038 79.369524
144.624563 78.583104
142.309018 78.872251
140.547369 77.977819
138.709240 77.015910
159.989218 84.614677
157.832852 84.474779
155.893872 83.499987
153.765036 83.545513
151.826918 82.944508
149.860562 82.142780
147.513009 82.354167
145.681924 81.372761
143.640152 80.457747
141.843055 80.588158
140.265660 79.599296
138.653034 78.614786
161.807788 87.003678
159.449254 86.821390
157.105093 86.632494
155.079008 85.735351
152.694946 86.023923
150.871973 85.000622
148.824225 84.047366
147.070210 84.067950
145.501214 82.987058
143.796259 81.848972
141.289995 82.180302
139.578993 81.103624
137.918318 80.140889
161.202778 89.636033
158.677016 88.974409
156.106636 88.904408
154.080211 87.816041
152.251787 87.840529
150.703078 86.695996
149.035657 85.465576
146.493480 85.666496
144.908743 84.568777
143.380247 83.539867
141.763488 83.685267
139.683704 82.982324
137.873907 81.980287
159.646432 91.934202
157.350481 91.079966
155.732266 90.673263
154.121721 89.351560
151.507794 89.375749
150.031891 88.244513
148.599431 87.178398
147.085511 87.030076
144.884985 86.474776
143.110186 85.431916
140.733029 85.901856
138.700643 85.219024
136.734934 84.181712
158.031111 92.723513
155.967503 93.142274
154.116971 91.479787
152.601859 90.535073
150.073922 90.315790
148.370750 89.130981
146.312176 88.762851
143.967473 88.835394
142.027373 87.901803
139.681550 88.350804
137.749808 87.541799
135.968939 86.534061
154.079831 93.468115
151.921305 92.289650
149.392469 92.809176
147.389666 91.747383
145.276760 91.196398
142.985941 91.384732
141.242869 90.212598
138.624379 89.891278
137.180239 89.220251
135.763711 88.267352
150.955744 95.243129
147.925498 95.572458
146.244819 94.248725
144.134744 93.471399
142.506882 93.151621
141.064899 92.029241
139.601343 90.933938
136.969821 91.067537
135.247472 89.986115
146.430014 96.662987
144.801509 95.045464
142.318487 95.107065
140.497659 93.806729
138.938911 92.589583
137.179945 92.767631
135.180362 91.918760
143.525860 96.876506
140.641905 95.947632
138.624871 94.644499
136.199343 95.558497
134.153842 94.602959
122.370164 55.390779
120.663635 54.557126
118.612177 53.557632
130.899211 59.696850
128.548511 59.605419
127.949637 58.202869
126.373720 58.070066
124.214621 57.211806
121.982816 57.434341
120.063687 56.724814
117.921254 55.922768
140.786110 64.480655
138.778329 63.521518
136.637763 62.833926
134.347797 62.228729
131.663695 61.659003
129.762538 61.579715
127.931744 61.765342
127.107008 60.450572
125.099748 60.100722
123.261016 59.575617
121.286152 59.417273
119.454978 58.810766
117.255461 58.311150
139.294336 68.574820
137.297467 67.981895
135.226752 67.394933
132.975727 66.748946
130.358051 66.022935
128.605251 65.630517
126.785242 65.780398
125.841096 64.556286
123.826794 64.348088
121.906429 63.736630
139.912982 66.508766
137.935791 65.780466
135.860086 65.213321
133.607043 64.600768
130.966664 63.904516
129.189181 63.618808
127.352547 63.793691
126.448839 62.520641
124.471384 62.266714
122.584578 61.731079
120.637557 61.506574
118.850152 60.922755
116.576608 60.736499
109.562456 49.555265
107.526382 48.778109
105.425393 48.056445
103.094369 47.495131
101.649143 46.987875
99.979389 46.644295
98.034547 46.279954
118.612177 53.557632
116.400720 53.011306
114.641344 52.362875
112.803606 51.861044
110.918615 51.500891
108.776537 51.554568
106.801775 50.872115
104.795691 50.328270
102.746841 49.916550
101.423029 49.210749
99.810914 48.843533
98.278269 48.336427
95.771302 47.250071
117.921254 55.922768
115.727594 55.388042
113.929216 54.813308
112.085538 54.298900
110.177570 53.831322
108.099798 53.512933
105.959820 52.885906
103.571672 52.362772
101.767974 52.522803
101.241813 51.262804
99.628092 50.878506
97.866589 50.324405
95.298786 49.571428
117.255461 58.311150
115.132469 57.550970
113.301681 57.031253
111.446584 56.487381
109.519711 55.954593
107.458647 55.452046
105.248131 54.811790
102.771667 54.456008
101.041145 53.977369
99.428469 53.513621
98.586381 52.306620
96.313718 52.151173
94.285913 51.621356
115.933853 63.047563
114.139949 61.950001
112.256291 61.341508
110.362723 60.685227
108.437690 60.037685
106.457378 59.389884
104.394624 58.738955
102.278935 58.396302
100.840020 57.674138
99.195575 57.386813
116.576608 60.736499
114.545810 59.657240
112.711166 59.177089
110.864117 58.584961
108.947245 58.001918
106.932960 57.411771
104.795268 56.764826
102.475402 56.382618
100.933081 55.777464
99.302380 55.562848
97.933901 54.596698
95.806866 54.317613
93.733127 53.788519
93.653503 46.482096
91.547375 45.812930
89.327281 45.826361
93.075400 48.910755
91.017372 48.301785
88.900888 47.917827
86.955162 46.716021
84.816389 46.388444
92.327478 51.069046
90.383009 50.477665
88.394148 49.966483
86.494001 49.154172
84.500532 48.648197
82.580994 47.554857
80.470649 47.381215
91.148147 55.468994
89.271388 54.585325
87.297189 54.109921
85.398553 53.403817
83.450934 52.835478
81.535596 52.155370
79.569093 51.585902
77.592462 50.811241
75.638400 49.816820
73.486365 49.493508
91.747175 53.233576
89.819109 52.553821
87.851514 52.013189
85.934984 51.330554
83.970565 50.757148
82.032182 49.971949
79.895520 49.455940
77.714051 48.181842
61.711030 53.960535
61.633725 56.641354
59.654230 55.563642
57.528907 55.652751
60.992416 58.761797
59.040109 58.008879
56.917657 57.622113
54.901628 56.799743
60.430677 60.819465
58.470592 60.174726
56.442032 59.629786
54.349414 58.892846
52.267314 57.894348
59.911481 62.857528
57.936977 62.258561
55.963896 61.645962
53.952343 60.980266
51.865333 60.185989
49.623240 59.050946
59.386833 64.942256
57.404166 64.360421
55.458482 63.670521
53.474233 63.030356
51.457327 62.362345
49.359983 61.602666
47.078029 60.578717
58.980208 67.311217
56.863476 66.557211
54.921244 65.726659
52.937048 65.070034
50.888731 64.432088
48.728619 63.803101
46.366380 63.117557
58.631080 69.277837
56.653650 69.053527
54.558884 67.952176
52.466718 67.164738
50.361844 66.518695
48.166033 66.025964
45.837397 65.622259
57.058051 72.891180
55.010390 72.006440
53.392192 72.331011
51.376202 71.751110
48.732067 70.925146
57.806375 70.781285
56.210915 70.948063
54.144993 70.330880
51.931029 69.342363
49.670065 68.641819
47.099657 68.333400
88.812447 56.653775
86.741174 56.335361
84.868489 55.450793
82.904728 54.934579
80.997086 54.234472
79.028290 53.627715
77.034339 52.977169
75.003867 52.223465
72.675527 51.652438
69.663245 50.971748
88.263960 58.731854
86.239695 58.805782
84.401971 57.553533
82.366636 57.145162
80.467787 56.297411
78.497757 55.669988
76.500050 55.073134
74.478548 54.475135
72.373002 53.919257
69.968539 53.593336
68.645195 52.499913
66.795981 51.912064
87.234845 60.375123
85.526647 60.677310
84.164599 59.792151
82.064193 59.559563
80.053572 58.455601
77.964708 57.774279
75.888656 57.155510
73.693649 56.626242
71.335344 56.037171
69.510036 55.231855
67.650763 55.055718
66.982030 53.633136
65.082840 52.753468
87.192357 62.045216
85.342907 62.405490
83.326564 61.196990
81.682199 61.344887
79.510886 60.646455
77.493789 60.135928
75.098555 59.233781
72.600498 58.729675
70.803813 58.451145
69.992010 57.157411
68.146373 56.735206
66.175688 55.721703
63.947438 55.116782
86.341543 63.718470
83.977473 62.926401
82.334425 63.162161
80.316228 62.052774
78.626062 62.602747
77.224158 62.053242
75.094528 61.644210
72.637538 60.899693
71.000328 60.230748
68.995422 59.415826
68.065585 58.294981
66.304019 57.815770
63.834637 57.428653
85.800426 65.812799
83.800114 64.696728
81.576336 64.384022
80.040730 63.859154
78.305023 64.444583
76.320414 63.413281
74.715285 63.432624
71.936202 62.340243
69.995721 62.317745
69.263765 60.990206
67.419297 60.499928
65.182492 59.884394
63.018947 59.409660
85.367451 68.004471
83.413631 67.080172
81.292884 66.181759
79.298306 65.781429
76.996651 65.244388
75.231850 65.572659
73.618941 64.436227
72.346104 63.937583
70.431285 63.947869
68.559893 63.193042
66.412387 62.740239
64.429569 61.994752
62.416222 61.435988
84.817492 70.279678
82.918407 69.280580
80.874026 68.700356
78.719278 68.175164
76.553581 67.059356
74.261517 67.560579
73.264932 66.335967
71.176952 65.398185
69.540016 66.049889
68.126434 65.489810
66.073734 65.275572
63.991850 64.224396
61.926396 63.498915
84.308880 72.765353
82.381187 71.437865
80.111402 70.938831
77.587035 70.502733
75.778356 69.916361
74.508676 69.181225
72.372918 68.381180
71.338515 67.098861
69.374811 67.880583
67.227870 66.967170
65.612446 67.140781
63.496015 66.508792
61.438459 65.595306
83.588808 74.617633
82.217785 73.645439
79.907454 73.321343
77.454740 72.543026
75.717575 71.812394
73.637505 71.236804
72.510516 69.984892
70.348723 69.165351
68.090552 68.731983
66.454537 69.036485
64.404784 68.084500
62.868098 68.383013
60.891284 67.774237
83.141354 76.378988
81.493938 75.061283
79.954194 75.074279
76.833396 73.932660
75.142738 74.372001
74.206550 72.855042
72.186813 72.170313
69.867239 71.515425
67.616479 70.564329
65.332569 69.959010
63.689782 70.134549
61.557571 69.224879
59.970225 69.873994
81.709302 79.741550
79.615935 79.191689
78.724689 77.637773
77.106834 78.081440
74.853799 77.193206
73.293971 77.176821
71.235792 76.674140
68.930901 75.894331
66.832294 75.142130
64.798708 74.241277
81.988583 77.474750
80.449111 77.042147
78.706222 75.818028
77.519520 75.410608
76.047607 76.135090
73.609151 74.826417
71.354320 74.373330
69.256638 73.670220
67.153794 72.864915
65.052002 71.769470
62.957373 71.435539
61.463838 71.033943
59.850466 71.699174
113.364953 64.162384
111.561612 63.449414
109.757800 62.743411
107.938779 62.067102
106.102630 61.428461
104.234828 60.792644
102.256720 60.646813
100.771893 59.503666
98.980248 58.997200
96.713501 58.894823
94.636914 58.535255
92.629916 58.280948
90.615930 57.957434
113.003231 65.672768
111.100135 64.858045
109.161340 64.049632
107.202052 63.271776
105.210329 62.534386
103.245717 61.868606
100.880659 61.177786
99.129763 60.751064
97.494169 60.427092
95.541587 60.142564
93.707986 59.987952
92.010929 59.952998
90.478601 59.783237
112.238532 67.129024
110.475161 66.374383
108.682391 65.626229
106.842224 64.910331
104.920891 64.234273
102.895210 63.785583
100.845415 63.257087
99.058764 62.936872
97.354644 62.281058
95.501806 61.838639
93.493064 61.630364
91.360166 61.616602
89.036442 60.137300
112.307427 68.796501
110.426606 68.059543
108.527811 67.342195
106.565862 66.644580
104.468973 65.930923
102.104198 66.300138
100.696791 65.331629
99.051513 65.385034
97.639979 64.456328
95.160911 63.495696
92.827404 63.116655
90.532665 62.848767
89.046480 61.827612
111.564466 70.909188
109.610220 70.274854
107.601780 69.659116
105.462824 69.009378
102.994114 68.637185
101.095556 69.026490
100.717360 67.566063
99.066143 67.402312
97.295115 66.729715
94.797207 65.975138
92.517713 65.421667
90.302505 65.025385
88.402805 63.587560
110.973340 73.036975
108.998955 72.461675
106.968940 71.888667
104.831521 71.278182
102.505228 70.952487
100.805610 70.638245
99.144387 70.100963
98.120017 68.908939
95.819829 68.983467
93.834660 68.093652
91.794546 67.643489
89.780647 67.179405
87.919712 66.125883
110.594874 75.146630
108.631595 74.598019
106.621944 74.037681
104.500740 73.443125
102.254797 73.037200
100.885735 72.432732
99.198055 72.352727
97.739920 71.357619
95.315298 71.717863
93.343210 70.279351
91.193650 69.905766
89.212822 69.426789
87.380331 68.399684
109.542759 76.250323
107.589994 75.746470
105.726919 75.318933
104.086707 74.982718
102.562290 74.706882
101.005149 74.500317
98.966513 74.167396
97.011147 73.761137
95.314369 73.573114
92.869163 72.408946
90.777933 72.208236
88.737617 71.939734
86.924928 70.587401
109.561702 78.009003
107.607743 77.502987
105.593288 77.046262
103.407365 76.872249
101.346008 76.455085
99.457946 75.903034
97.537257 75.703962
95.643491 75.562613
93.730728 73.844663
91.804637 73.831836
90.093571 73.883970
88.557178 73.763639
86.354909 72.687110
109.052692 79.742898
107.002385 79.191877
104.833201 78.646274
102.526838 79.478722
101.315668 78.459013
99.596157 77.706998
97.458704 77.183959
95.042915 76.833100
93.441707 75.523368
91.510907 75.495933
89.401186 75.561450
87.113791 74.105439
85.317736 74.335173
108.135097 82.530649
105.951174 81.884228
103.414350 81.675664
101.619480 81.170714
99.923315 81.067959
99.609382 79.475933
97.778151 79.381208
95.070991 78.984251
92.902735 77.291337
90.767751 77.046591
88.567465 76.835667
87.076254 75.820951
85.159579 76.023905
102.080142 85.466123
100.096995 85.164266
98.476183 84.358580
95.905366 84.214337
93.740642 83.543380
91.821005 82.336440
89.800008 81.899841
107.425724 85.257522
105.376432 84.624404
103.239886 84.104372
101.822859 83.228078
100.165361 83.187993
98.590470 82.038092
96.390608 81.568640
94.258988 81.138005
92.452620 79.911618
90.415855 79.475527
88.283385 79.110204
86.426691 77.611543
84.333358 77.702888
138.661571 70.663897
136.680402 70.126043
134.628387 69.507514
132.387721 68.806143
129.775412 68.059728
128.018174 67.666546
126.227511 67.733573
125.223800 66.553826
123.165393 66.410540
121.179581 65.670303
118.923744 66.267048
117.090451 65.563330
115.155490 65.007098
138.002856 72.848141
136.056385 72.347923
134.057171 71.651144
131.840154 70.840988
129.114015 70.035492
127.405161 69.794532
125.655439 69.736974
124.724028 68.576672
122.621140 68.455915
120.634564 67.617329
118.378365 67.980718
116.679094 67.267321
114.897349 66.498992
137.167446 75.196813
135.138041 74.589221
133.275381 73.782187
131.301057 72.860465
128.851500 72.104586
126.930874 72.053163
125.199732 71.332862
123.612674 70.460847
121.917993 69.706969
120.072186 68.840501
117.517971 69.470311
115.740414 68.667481
113.981603 67.887890
136.049127 76.681087
134.521463 76.210540
132.950865 75.337070
131.225014 74.400230
129.413400 73.440416
126.802479 73.936994
124.715605 73.028278
123.248107 72.167670
121.678858 71.451996
120.207637 70.713885
118.730946 70.387166
116.142888 70.312065
114.202583 69.552365
137.042892 77.660144
134.295291 77.968575
132.412094 76.911663
130.566910 75.948152
128.642378 75.020164
125.972408 75.370117
124.073829 75.275782
123.374747 74.093195
121.533595 73.280585
119.701901 72.569775
117.736751 71.973263
115.532598 72.318831
113.525519 71.572546
136.354245 79.235705
134.617477 79.518804
132.541137 78.715090
130.554169 77.771902
128.439979 76.828274
125.628746 77.017232
123.394501 77.654790
122.970064 76.318323
121.291390 76.062248
119.109508 75.157101
117.050987 74.532965
114.925296 74.291426
112.936025 73.635897
135.976392 81.217191
133.669236 81.919179
131.581725 80.990926
129.425926 80.102192
126.966317 79.339352
125.239340 78.635672
124.411069 80.067619
122.677330 78.969529
120.330141 78.271776
118.290716 77.459177
116.350637 76.810769
114.436395 76.306487
112.525139 75.716847
134.494787 84.632112
132.409451 84.156235
130.599577 83.271878
128.634484 82.319320
126.219235 81.583080
124.319172 81.794345
122.477628 80.865686
120.924481 80.179852
119.147160 79.507740
117.363959 78.806582
115.494852 78.116510
113.515479 77.441801
111.522448 76.817071
133.403790 86.215810
131.849285 85.819798
130.270560 84.905911
128.551327 83.951830
126.699245 82.975243
123.567769 83.271856
121.939107 82.751589
120.549885 81.922328
118.785991 81.168747
116.998771 80.445232
115.193863 79.776910
113.359870 79.151095
111.480692 78.560730
134.263460 87.300086
131.605532 87.586248
129.801432 86.525324
128.120719 85.606647
126.512942 84.752779
124.943346 84.268474
122.951245 85.179930
121.166986 84.480783
119.055384 83.050082
116.968096 82.247724
114.967881 81.570195
113.005834 80.925900
111.042202 80.316954
133.678666 88.929798
131.958981 89.128217
129.884527 88.344743
127.969089 87.468931
126.068752 86.563902
123.859695 86.730393
122.323165 87.379470
120.806466 86.481829
119.181640 85.591762
116.505699 84.794777
114.240212 84.264867
112.183019 83.692244
110.183302 83.105434
132.172785 93.954793
130.059851 93.974586
128.103023 93.229666
125.999936 92.615732
123.512868 91.951891
121.791522 91.254858
120.634274 92.699826
119.555950 90.894718
117.825533 90.330417
114.460827 89.524460
133.332037 90.898477
130.984207 91.459748
128.961690 90.675653
127.013471 90.016318
125.079433 89.467280
123.077339 88.933270
121.668901 89.670706
120.228375 88.541332
118.549951 87.933355
115.869068 87.186439
113.486845 86.869683
111.409106 86.418499
109.430392 85.816471
