141.202477 75.865008
138.084591 75.438855
136.563915 73.981180
120.804365 66.729959
119.164524 66.470414
71.863888 75.812239
70.712776 74.940327
69.306205 73.186096
64.384165 71.895120
62.773701 72.645077
58.754021 72.845096
56.087055 74.011446
54.538710 74.719915
51.054195 73.176686
49.965923 73.725244
71.986622 77.774632
70.603865 78.465291
69.869874 77.145988
69.014147 75.597019
65.844707 73.318993
61.113138 73.588905
58.127018 74.799006
56.065139 75.602477
53.179328 75.365482
51.559542 76.165697
71.483952 81.276795
69.468598 79.069669
68.322242 79.716480
66.983048 79.829134
67.423822 77.420052
59.937524 74.999040
58.011173 76.769205
55.266067 77.265692
53.043679 77.658845
69.246278 82.533838
66.910361 84.018588
65.929256 81.189133
63.904860 82.577125
64.623200 79.876551
62.670866 74.963006
92.266783 79.452306
86.629896 79.842012
85.089054 81.963415
83.408913 81.338928
81.659747 81.387940
81.042134 80.377448
80.304815 79.135174
77.792230 80.583277
77.194366 79.545609
75.995682 79.180963
73.899771 76.909898
73.160595 77.229961
83.431513 84.153599
82.458023 82.657643
80.098336 84.350844
79.113829 82.784807
78.387340 81.589136
76.180491 81.296350
74.992181 79.596972
74.081728 79.998738
71.986622 77.774632
77.260194 83.641216
75.356029 82.568204
73.479276 82.658274
73.107388 80.455080
71.483952 81.276795
69.246278 82.533838
86.520889 77.970713
84.571088 79.729085
82.776570 79.907839
66.175328 71.035916
62.981101 71.098235
59.965875 72.333353
97.174811 58.183993
96.221516 57.546128
95.163440 58.072257
142.240550 73.781667
138.575313 72.179798
135.645192 70.636611
148.554239 78.053659
145.693316 77.734490
143.145431 76.502540
146.526459 76.274684
144.219488 75.308870
140.393110 74.449908
138.590566 73.970539
136.122130 72.546585
151.906464 80.394334
149.755433 79.663291
147.141913 79.155743
144.702300 78.791027
143.457111 77.853251
141.590602 77.180621
139.306543 76.075658
136.527915 75.496996
153.645925 82.091462
151.000967 81.867863
149.265436 81.185094
147.673075 80.576688
145.720213 79.813434
143.147566 79.222955
141.490774 78.551422
139.854874 77.385523
137.398638 77.138263
156.323856 84.227135
154.388207 83.948973
152.512191 83.531704
150.852952 83.202943
148.821182 82.451308
147.357849 82.061290
145.997562 81.174526
144.000340 80.724717
141.264595 79.478974
139.214323 78.218667
136.475706 76.600979
157.806186 86.113783
155.769130 86.070550
153.934328 85.511026
152.579186 85.318955
151.225518 84.655721
149.469606 83.703060
147.083070 83.307574
145.241487 82.053140
143.099795 80.642766
142.190140 80.062290
140.206988 78.822646
138.241269 77.636679
159.300703 87.871622
157.201613 87.978651
155.761566 87.825165
154.302210 86.906338
152.224174 87.058482
150.577430 85.816299
148.815210 84.531318
147.903148 83.882488
146.162379 82.676040
144.380862 81.478465
139.796554 81.981093
136.776604 80.139719
134.616664 78.876779
159.671122 89.871844
157.761674 89.524599
155.643140 89.779920
153.902412 88.371557
153.013585 87.670922
151.422584 86.450186
149.727338 85.189770
145.633442 85.832959
143.373864 84.293147
142.264483 83.560120
141.073669 82.789453
138.410075 81.123942
134.756975 80.586106
159.857005 91.760671
157.558008 91.395534
156.545374 90.533414
154.775977 89.070878
151.198638 89.933265
148.948358 88.218180
147.793296 87.368137
146.702779 86.584396
144.453448 85.020624
141.079030 84.999129
139.302400 83.893555
137.239618 82.431359
132.990589 83.859538
158.586537 92.425625
155.595473 93.532485
153.995729 92.179222
152.558186 91.008289
150.063081 89.057887
146.907379 88.705502
144.099182 86.657108
142.421805 86.276956
139.356477 87.366998
137.518048 86.528180
135.522741 85.293034
132.775941 85.641242
152.055517 93.242967
150.467878 91.481192
148.200580 89.892796
145.195046 87.861589
142.112968 89.080085
140.430410 88.900751
139.389409 90.001870
137.079745 88.388632
135.764538 87.515957
134.298016 86.576001
148.139078 91.679170
144.776821 89.574055
143.295687 90.959871
142.843918 92.615178
141.606798 91.650688
140.568544 90.866146
138.233446 89.180923
136.798555 91.717860
134.430150 90.107784
145.415541 94.741631
144.015722 93.563149
142.028905 95.683104
140.563911 94.511315
139.245787 93.497100
138.004308 92.579785
135.592166 90.883139
143.687505 97.079684
140.549304 96.972638
138.530769 95.476066
136.687260 94.159508
134.872691 92.831859
126.265034 57.328672
124.574977 59.557235
122.415718 61.456097
130.881180 59.703704
128.277607 58.352852
127.680166 60.351920
126.797832 59.265147
125.778261 61.002302
124.397325 62.128658
121.924905 63.562771
118.955110 63.412237
133.524738 66.108970
132.993178 63.887039
131.327942 63.667015
132.453038 61.448550
130.398082 61.395515
129.989827 62.825226
127.292897 61.708137
126.911209 63.044810
125.868741 62.850292
124.395962 63.700195
123.125332 64.480189
120.803396 64.806568
116.326378 63.381321
133.864938 71.279782
132.355817 69.902578
131.137244 68.608234
130.229617 67.319861
128.838184 66.858284
128.547894 67.874884
125.702831 67.276556
125.968867 66.344898
124.714805 66.617907
122.798124 66.621921
133.836184 68.965930
132.283649 67.640238
131.484419 66.080358
130.194118 65.243513
129.590497 64.223682
129.138819 65.805458
126.249860 65.360859
126.563642 64.261992
125.251151 64.896775
123.835637 65.612311
121.838236 65.785604
119.072831 65.283893
116.562654 65.672511
105.903009 51.349329
104.182184 50.862798
104.691576 48.849306
103.291307 47.452036
102.266353 47.141192
99.416402 46.548749
97.881004 46.257615
122.415718 61.456097
114.701159 60.629522
109.476856 58.116994
107.048772 55.632517
105.839457 53.673060
104.203972 53.721141
103.353518 52.405953
102.405620 50.180247
101.878811 51.204711
102.074994 49.014529
99.082235 49.877155
99.227153 48.337617
98.103049 50.174498
118.955110 63.412237
112.725101 61.214297
110.369594 59.998820
107.498498 57.993076
105.657309 56.617859
104.437942 55.481971
102.932121 54.474360
101.699111 53.582460
101.623508 54.747998
101.780802 52.441763
98.941486 51.546636
98.824243 53.118048
98.003291 52.693494
116.326378 63.381321
114.285602 62.663109
111.211255 61.659834
108.224269 59.844568
105.999440 58.507051
104.578747 57.657378
103.479460 56.847409
102.525772 56.042552
101.556087 55.922357
98.662262 55.730265
98.746633 54.286209
98.085645 55.042393
96.891538 54.004885
117.038661 66.762292
114.193716 64.276561
110.989872 64.126995
108.194425 62.983391
106.815847 61.114661
105.062783 60.360054
103.615503 59.883908
102.556660 59.185222
101.430623 58.678190
98.543821 58.271867
116.562654 65.672511
112.462391 63.068810
109.843399 62.015268
108.492790 61.287771
106.472118 59.839017
104.569865 59.044990
103.130442 58.134368
101.463525 57.845300
101.500628 57.013217
98.576352 57.483026
98.614624 56.654487
97.235105 56.524588
96.088634 56.005202
97.149258 48.084091
96.430033 49.997165
94.777419 49.506220
96.904254 51.684746
95.566573 52.434039
94.153625 53.304742
91.960138 53.883958
88.050223 54.579425
95.732822 54.661972
94.118994 55.262218
92.111626 55.740056
89.849848 55.682412
86.133745 55.809980
83.100345 55.693483
74.875527 54.624315
93.628707 58.059634
91.754439 58.075088
89.418722 58.012808
86.410797 57.691324
83.506179 58.312895
80.390348 58.263777
77.834588 58.149187
73.803662 56.229591
72.000841 54.631528
71.299496 51.408901
94.728433 56.672761
93.026148 56.871106
90.715022 57.087280
88.141550 56.875884
84.592281 57.044369
81.548386 57.165044
76.656821 56.846343
72.759485 53.012963
65.010393 54.614278
66.064353 57.855584
64.477334 57.247507
63.277942 55.273987
65.619258 61.377202
65.226261 59.562214
63.786639 60.996363
63.123340 58.701951
64.971459 63.283983
63.630307 63.075946
62.136330 63.659245
60.028624 63.855655
57.208313 64.198772
63.955952 65.201255
62.534684 65.454480
60.753344 65.597349
58.565054 65.699448
56.134642 65.936966
53.868818 65.308622
62.908386 66.805195
61.085438 67.052789
59.382359 66.954704
57.387394 67.165372
55.063837 67.305215
53.217205 67.247983
51.080144 66.717759
60.907314 68.809518
59.312150 68.322645
57.728086 68.562981
55.969609 68.373182
54.049471 68.779641
51.978352 68.613100
49.860840 68.612338
59.900525 69.220854
57.748034 70.121718
56.352576 69.672416
54.641637 69.999982
52.624709 69.875697
50.745149 70.190396
48.203361 69.913049
57.452323 73.406667
55.479937 71.105562
53.239246 72.125834
52.164334 72.635844
49.302914 72.538435
58.752975 69.696877
56.581636 70.622860
54.459215 71.563110
53.129515 71.077968
51.118613 71.501181
48.693901 71.445760
90.499831 59.380123
87.606402 58.674333
85.116979 58.870583
82.395001 59.165640
79.185490 59.146902
77.267065 59.659470
74.865684 57.614251
72.080727 56.242004
70.077323 53.709618
69.313129 51.013924
89.379012 59.472663
86.766048 59.815548
84.351708 60.300673
81.111996 60.160271
79.400205 60.666711
75.894308 59.450914
74.269836 58.873152
72.534479 57.694142
70.327625 56.106093
69.972879 54.915028
69.331308 52.628095
66.195367 52.105729
88.175356 59.606604
85.614043 60.027367
83.248740 60.566471
80.625653 61.294686
77.759260 61.025616
76.253405 61.133170
74.734067 60.209116
72.840965 59.013882
71.032410 58.344732
70.686316 57.264083
67.085718 55.370471
66.666386 53.879017
64.806343 52.701041
88.655019 62.467681
84.651659 63.204951
82.058608 60.879203
79.319139 61.706506
77.143728 62.449041
75.150027 61.830903
73.986037 61.149800
72.899684 60.427928
71.703207 60.336898
71.367880 59.354899
67.877058 57.998378
67.515991 56.826835
65.994277 56.096132
86.470031 62.818591
82.612320 63.737697
79.567765 64.680565
78.172780 62.090999
76.261989 62.764252
75.412849 63.079440
73.582173 62.331989
72.342353 62.130194
72.048869 61.318638
68.879521 61.043883
68.581591 60.167884
68.254402 59.179109
66.907600 59.159334
84.264818 64.955648
81.007930 64.214843
78.422284 65.071710
77.435883 65.424336
76.551945 65.749720
74.635322 63.369910
73.777171 63.700251
72.676208 63.031255
69.755704 63.499855
69.470278 62.718605
69.170301 61.878160
67.434875 61.801559
66.937020 60.620605
81.325539 66.130874
79.334096 67.022799
78.301070 68.338803
77.080733 67.493675
75.720408 66.059927
74.830308 66.402296
73.118130 64.188717
72.722662 64.110023
70.063704 64.323430
68.608898 64.350660
68.304752 62.956593
67.180714 63.436067
66.143766 62.947788
81.839608 71.105596
79.518436 70.693807
77.891027 69.966356
76.246218 69.690116
75.707781 68.063546
74.125439 66.694880
73.787982 66.807265
70.447797 65.323272
70.644720 64.931855
69.483441 65.394264
67.364824 64.775212
66.141493 64.803252
65.101618 65.295187
81.750299 72.842819
80.000604 72.560791
77.831285 71.741383
75.922886 70.771056
75.242582 69.280872
74.705901 68.062218
71.417682 67.735550
71.774933 67.603295
70.692253 68.034343
68.667876 65.718964
67.912766 66.018330
66.351240 66.636268
64.724633 67.279824
82.124151 74.272262
80.952425 74.543820
78.787977 73.139411
76.986978 72.982588
76.444697 71.871819
72.688604 70.673325
72.255443 69.697198
71.895489 68.866497
69.851246 68.369403
69.049436 68.687284
67.139307 66.324741
65.539336 66.957381
62.775735 68.055427
82.007329 77.272495
80.010951 74.783965
79.067522 75.051191
77.453450 73.911607
74.898395 75.285191
74.104265 73.692220
73.199350 71.790605
71.371735 70.693045
70.252226 69.900427
68.204570 69.022002
67.280175 69.387420
63.863616 67.621797
61.825370 68.437268
81.268356 79.320194
79.479385 77.694871
79.187870 78.045761
77.159375 78.733959
75.740928 76.167182
74.717249 76.569179
73.170655 75.229841
72.369434 74.028986
71.119723 73.058338
67.754029 71.978830
81.159734 77.483773
80.212394 77.740891
78.022888 75.014038
78.406861 75.739488
75.569212 76.579248
74.500466 74.495333
73.692785 72.839897
72.295251 72.133651
70.119011 71.557269
68.767806 70.678474
66.213133 69.809576
64.644946 70.432052
61.353715 71.759083
112.958326 64.967394
110.095528 63.754027
107.294542 62.633031
105.456126 61.953175
103.831389 61.398173
102.251458 60.907515
101.250802 60.623476
101.398594 59.619586
98.513055 59.116343
97.933969 59.865047
96.276122 59.600946
94.644782 59.424797
92.686557 59.333163
114.163018 65.489982
111.950049 64.534132
109.135576 63.358391
106.363955 62.279842
104.627914 61.660434
103.047507 61.144542
101.364297 60.858245
98.475440 60.386697
98.962883 60.068810
97.030230 59.705351
95.523561 59.505192
93.708944 59.356338
91.574468 59.335846
110.183239 66.934897
106.510021 65.437121
105.196847 64.939508
104.144667 64.564417
103.190941 64.240451
102.187182 63.914201
100.841835 63.514173
98.715893 62.984416
98.427447 63.043791
97.248908 62.688921
96.299563 62.527310
95.260393 62.395087
92.292276 62.227522
112.228381 67.810669
108.214293 66.114457
104.741452 66.732946
103.329169 67.129473
102.773714 65.757517
101.319973 64.805573
101.324236 63.475204
98.420943 65.172571
98.420704 64.155494
96.823252 64.599984
95.371028 64.096750
94.063511 62.290025
90.582297 62.279185
113.425819 69.225763
106.430105 67.624214
103.865843 69.013422
101.847128 67.982211
101.336565 66.929875
101.375205 68.781501
101.324910 65.863696
98.444649 67.430687
98.427983 66.261820
96.902875 66.413510
95.193723 65.837855
93.290724 63.396608
90.602373 63.963345
109.755693 74.474700
106.830906 72.786718
105.079324 71.868224
103.492827 70.654226
101.445832 70.888271
101.408561 69.884883
98.553206 71.122810
98.471104 68.672002
98.512435 70.051162
97.201736 69.005877
95.706808 67.938981
93.181692 65.223370
87.636383 64.204611
111.004841 76.005996
106.950828 74.948019
104.663965 74.454712
103.486820 72.356037
101.533558 72.752663
101.487413 71.831599
98.914990 73.561615
98.598374 72.130064
96.915429 71.496535
96.029541 70.311285
94.492133 71.044309
92.008392 71.410592
87.763331 72.050122
108.372340 75.292613
105.702393 74.669188
103.735009 74.275529
102.807686 74.108721
101.596074 73.860824
101.305265 73.870747
98.693372 73.898381
97.848347 73.452159
96.916909 73.373454
95.062301 73.260049
92.635949 73.200285
89.134695 73.304508
84.465577 72.059861
108.111697 78.217965
104.598404 77.397950
103.623965 77.205168
102.653264 77.027488
101.776160 76.456476
99.102659 76.502280
98.874757 76.552074
97.731960 76.353863
96.021133 73.312166
93.956562 73.219446
90.875967 73.222712
86.723338 73.517263
84.982172 73.747301
106.726368 77.873326
105.607215 77.615241
103.650936 78.829022
101.929258 78.281060
101.583065 76.848098
98.978210 77.827546
97.605451 77.961071
96.763173 76.270798
95.772815 76.202199
93.377039 76.107478
89.730938 76.172964
85.365200 76.622098
83.440398 74.004809
107.248589 79.612860
105.240265 79.474070
103.777867 80.384821
102.028630 79.341423
99.173787 79.941865
99.071693 78.877471
96.888383 79.215648
96.013277 77.804986
94.685170 76.146450
91.940919 76.100363
88.236027 76.279861
84.064342 76.838988
82.967390 77.056024
102.537911 83.866969
99.720336 84.692114
97.982543 83.514960
96.765452 81.931925
95.102408 80.636997
92.318503 77.687244
88.782312 78.240011
106.218748 81.223090
104.316329 82.228563
102.310258 81.993621
102.150864 80.548593
99.452401 82.527530
99.302005 81.182015
97.608314 80.456729
94.851301 78.976068
94.124883 77.562881
90.667950 76.908269
86.819315 76.426378
84.634334 78.145914
82.921974 78.557393
134.311827 72.905075
132.450088 71.660979
131.098546 70.645232
130.219310 69.649525
129.195211 68.675058
128.215165 69.040102
125.270547 68.790419
125.479984 68.056968
123.720833 67.465545
122.193837 67.710889
120.660587 68.418910
118.993884 67.648709
115.161135 65.926799
134.772107 74.318679
132.768563 73.164387
131.138170 72.170209
129.869559 71.429507
129.061312 70.521144
127.972116 69.891261
125.031920 69.626090
123.925384 68.525232
123.538584 69.784763
122.172617 69.130510
121.424558 68.777944
119.877973 68.056006
117.965531 67.179296
134.358906 75.398429
132.439510 74.339645
130.665410 73.386336
129.072733 72.552327
127.392877 71.691865
127.714430 70.793677
125.186809 70.588520
124.670777 70.890817
124.399202 70.203477
122.845784 69.452714
120.920473 71.746316
118.738497 70.724239
115.361504 69.187870
135.337945 75.950038
133.342960 74.833412
131.497633 73.831572
129.843848 72.954879
128.320665 72.164897
126.753495 74.158879
127.375336 71.981189
124.100637 72.887451
123.636893 73.058176
122.681923 72.592487
121.841580 72.187296
119.905335 71.267873
117.108632 69.975992
131.632264 77.203313
129.630570 76.121326
128.797122 75.680762
128.031027 75.278434
127.204331 74.852002
126.291198 75.777843
126.324368 74.401213
123.811978 73.898335
122.451603 74.564014
121.329967 74.170751
120.240906 73.478524
118.703886 73.584376
117.284171 72.070718
133.020554 77.972552
130.555054 76.616501
128.479051 77.622515
127.301453 77.034174
126.043771 76.644336
125.787270 77.542604
123.501986 74.983927
122.986276 76.789947
123.236852 75.912431
121.656005 76.002375
120.133696 75.461498
118.164799 75.825720
115.485392 76.098667
131.169579 79.306111
129.465541 78.737335
127.981742 79.407876
126.810905 78.634007
125.258218 79.395346
125.513345 78.501891
122.364815 78.966308
122.728879 77.691355
121.925346 78.090862
120.795496 77.219366
119.425768 77.118130
117.369184 78.134736
113.221183 76.683830
130.919778 82.204201
129.488260 81.006807
127.949420 81.021282
126.591923 80.349753
124.715431 81.296190
125.009169 80.267516
122.447615 80.231812
122.007826 80.216486
121.239238 79.700599
120.354073 79.323423
119.513062 78.976940
118.507873 78.574300
115.982306 77.622765
129.746941 83.889304
128.608408 83.267804
127.617461 82.742297
126.694341 82.265356
125.823143 81.826480
124.010901 83.763459
124.396556 81.134105
121.350706 82.517722
120.367640 82.483479
118.702609 81.779110
116.657409 80.966406
115.486684 80.528378
112.409450 79.468668
131.086848 84.644718
129.269033 86.947593
127.099411 85.749394
126.191744 85.269619
125.403425 84.862234
124.591647 84.453291
123.651633 83.992889
120.838450 84.311647
121.253816 82.857031
119.543216 82.130209
117.768215 81.400191
113.986480 79.995158
109.514957 78.598004
132.112476 88.633061
130.908638 87.902718
128.062927 86.272426
125.885184 86.735020
124.544980 86.717237
123.555621 85.357850
123.280737 86.320497
120.538304 85.362761
119.331588 84.362215
118.106474 83.594941
116.573738 82.725876
113.397474 81.329876
111.016761 79.035279
132.881096 91.555316
130.777723 90.336787
128.159880 89.681657
125.884115 89.858334
124.012341 90.526037
122.280875 89.822019
121.762131 91.638664
119.604504 88.632931
119.110525 90.362849
117.260455 87.500686
133.254673 89.348322
129.777987 88.282928
127.871272 87.705834
126.277426 88.137406
124.464317 88.406692
122.979108 87.376804
122.655091 88.511512
120.230535 86.440569
119.384189 87.280648
118.112053 85.534344
116.302656 84.737607
114.651450 82.877096
109.417326 80.682272
